CONTADORES EN PARALELO: VERDES vs ROJAS, MINUTO A MINUTO
========================================================================================================
fuente: spy_velas.db   cuerpo = (close - open) en centavos

n_ver / n_roj    = cuantas velas verdes / rojas llevamos acumuladas
sum_ver / sum_roj= suma de los cuerpos de cada lado, EN VALOR ABSOLUTO (centavos)
dif              = sum_ver - sum_roj  ->  positivo = mandan las verdes
med_ver / med_roj= cuerpo medio de cada lado hasta ese minuto
dom              = quien domina en ese instante

========================================================================================================
=== 2026-08-11 ===   390 velas
========================================================================================================
 vela    hora  cuerpo  color  n_ver  sum_ver  med_ver  n_roj  sum_roj  med_roj      dif    dom
    1   09:30     -58   ROJA      0        0     0.00      1       58    58.00      -58   ROJA
    2   09:31     -38   ROJA      0        0     0.00      2       96    48.00      -96   ROJA
    3   09:32      -7   ROJA      0        0     0.00      3      103    34.33     -103   ROJA
    4   09:33     -17   ROJA      0        0     0.00      4      120    30.00     -120   ROJA
    5   09:34     +16  VERDE      1       16    16.00      4      120    30.00     -104   ROJA
    6   09:35     -42   ROJA      1       16    16.00      5      162    32.40     -146   ROJA
    7   09:36     +18  VERDE      2       34    17.00      5      162    32.40     -128   ROJA
    8   09:37      +6  VERDE      3       40    13.33      5      162    32.40     -122   ROJA
    9   09:38     -28   ROJA      3       40    13.33      6      190    31.67     -150   ROJA
   10   09:39      +8  VERDE      4       48    12.00      6      190    31.67     -142   ROJA
   11   09:40     +31  VERDE      5       79    15.80      6      190    31.67     -111   ROJA
   12   09:41     +17  VERDE      6       96    16.00      6      190    31.67      -94   ROJA
   13   09:42      -2   ROJA      6       96    16.00      7      192    27.43      -96   ROJA
   14   09:43     -19   ROJA      6       96    16.00      8      211    26.38     -115   ROJA
   15   09:44      -9   ROJA      6       96    16.00      9      220    24.44     -124   ROJA
   16   09:45     -30   ROJA      6       96    16.00     10      250    25.00     -154   ROJA
   17   09:46      -9   ROJA      6       96    16.00     11      259    23.55     -163   ROJA
   18   09:47     -13   ROJA      6       96    16.00     12      272    22.67     -176   ROJA
   19   09:48      +2  VERDE      7       98    14.00     12      272    22.67     -174   ROJA
   20   09:49      +4  VERDE      8      102    12.75     12      272    22.67     -170   ROJA
   21   09:50     -23   ROJA      8      102    12.75     13      295    22.69     -193   ROJA
   22   09:51     +14  VERDE      9      116    12.89     13      295    22.69     -179   ROJA
   23   09:52     +29  VERDE     10      145    14.50     13      295    22.69     -150   ROJA
   24   09:53      +2  VERDE     11      147    13.36     13      295    22.69     -148   ROJA
   25   09:54     -11   ROJA     11      147    13.36     14      306    21.86     -159   ROJA
   26   09:55     +17  VERDE     12      164    13.67     14      306    21.86     -142   ROJA
   27   09:56     +27  VERDE     13      191    14.69     14      306    21.86     -115   ROJA
   28   09:57      +8  VERDE     14      199    14.21     14      306    21.86     -107   ROJA
   29   09:58     -10   ROJA     14      199    14.21     15      316    21.07     -117   ROJA
   30   09:59     +33  VERDE     15      232    15.47     15      316    21.07      -84   ROJA
   31   10:00     +41  VERDE     16      273    17.06     15      316    21.07      -43   ROJA
   32   10:01      -3   ROJA     16      273    17.06     16      319    19.94      -46   ROJA
   33   10:02     -12   ROJA     16      273    17.06     17      331    19.47      -58   ROJA
   34   10:03      +0   DOJI     16      273    17.06     17      331    19.47      -58   ROJA
   35   10:04      -2   ROJA     16      273    17.06     18      333    18.50      -60   ROJA
   36   10:05      +9  VERDE     17      282    16.59     18      333    18.50      -51   ROJA
   37   10:06      -8   ROJA     17      282    16.59     19      341    17.95      -59   ROJA
   38   10:07      -9   ROJA     17      282    16.59     20      350    17.50      -68   ROJA
   39   10:08      -4   ROJA     17      282    16.59     21      354    16.86      -72   ROJA
   40   10:09      +4  VERDE     18      286    15.89     21      354    16.86      -68   ROJA
   41   10:10      +3  VERDE     19      289    15.21     21      354    16.86      -65   ROJA
   42   10:11     -10   ROJA     19      289    15.21     22      364    16.55      -75   ROJA
   43   10:12      +0   DOJI     19      289    15.21     22      364    16.55      -75   ROJA
   44   10:13      -1   ROJA     19      289    15.21     23      365    15.87      -76   ROJA
   45   10:14     +11  VERDE     20      300    15.00     23      365    15.87      -65   ROJA
   46   10:15      +8  VERDE     21      308    14.67     23      365    15.87      -57   ROJA
   47   10:16      -7   ROJA     21      308    14.67     24      372    15.50      -64   ROJA
   48   10:17     -34   ROJA     21      308    14.67     25      406    16.24      -98   ROJA
   49   10:18      +7  VERDE     22      315    14.32     25      406    16.24      -91   ROJA
   50   10:19     +11  VERDE     23      326    14.17     25      406    16.24      -80   ROJA
   51   10:20     +15  VERDE     24      341    14.21     25      406    16.24      -65   ROJA
   52   10:21     -10   ROJA     24      341    14.21     26      416    16.00      -75   ROJA
   53   10:22     -19   ROJA     24      341    14.21     27      435    16.11      -94   ROJA
   54   10:23      +7  VERDE     25      348    13.92     27      435    16.11      -87   ROJA
   55   10:24     -14   ROJA     25      348    13.92     28      449    16.04     -101   ROJA
   56   10:25     +16  VERDE     26      364    14.00     28      449    16.04      -85   ROJA
   57   10:26      -5   ROJA     26      364    14.00     29      454    15.66      -90   ROJA
   58   10:27      -3   ROJA     26      364    14.00     30      457    15.23      -93   ROJA
   59   10:28     +31  VERDE     27      395    14.63     30      457    15.23      -62   ROJA
   60   10:29      +6  VERDE     28      401    14.32     30      457    15.23      -56   ROJA
   61   10:30     -36   ROJA     28      401    14.32     31      493    15.90      -92   ROJA
   62   10:31      +4  VERDE     29      405    13.97     31      493    15.90      -88   ROJA
   63   10:32      +2  VERDE     30      407    13.57     31      493    15.90      -86   ROJA
   64   10:33      +6  VERDE     31      413    13.32     31      493    15.90      -80   ROJA
   65   10:34      +7  VERDE     32      420    13.12     31      493    15.90      -73   ROJA
   66   10:35      +3  VERDE     33      423    12.82     31      493    15.90      -70   ROJA
   67   10:36      +0   DOJI     33      423    12.82     31      493    15.90      -70   ROJA
   68   10:37     -30   ROJA     33      423    12.82     32      523    16.34     -100   ROJA
   69   10:38      -5   ROJA     33      423    12.82     33      528    16.00     -105   ROJA
   70   10:39      +0   DOJI     33      423    12.82     33      528    16.00     -105   ROJA
   71   10:40     +15  VERDE     34      438    12.88     33      528    16.00      -90   ROJA
   72   10:41      +8  VERDE     35      446    12.74     33      528    16.00      -82   ROJA
   73   10:42      -8   ROJA     35      446    12.74     34      536    15.76      -90   ROJA
   74   10:43     -17   ROJA     35      446    12.74     35      553    15.80     -107   ROJA
   75   10:44      -5   ROJA     35      446    12.74     36      558    15.50     -112   ROJA
   76   10:45     +22  VERDE     36      468    13.00     36      558    15.50      -90   ROJA
   77   10:46     +15  VERDE     37      483    13.05     36      558    15.50      -75   ROJA
   78   10:47      +4  VERDE     38      487    12.82     36      558    15.50      -71   ROJA
   79   10:48     +14  VERDE     39      501    12.85     36      558    15.50      -57   ROJA
   80   10:49      +0   DOJI     39      501    12.85     36      558    15.50      -57   ROJA
   81   10:50     -35   ROJA     39      501    12.85     37      593    16.03      -92   ROJA
   82   10:51     +32  VERDE     40      533    13.32     37      593    16.03      -60   ROJA
   83   10:52     +11  VERDE     41      544    13.27     37      593    16.03      -49   ROJA
   84   10:53     -32   ROJA     41      544    13.27     38      625    16.45      -81   ROJA
   85   10:54     +21  VERDE     42      565    13.45     38      625    16.45      -60   ROJA
   86   10:55     -10   ROJA     42      565    13.45     39      635    16.28      -70   ROJA
   87   10:56      -9   ROJA     42      565    13.45     40      644    16.10      -79   ROJA
   88   10:57      +0   DOJI     42      565    13.45     40      644    16.10      -79   ROJA
   89   10:58      -3   ROJA     42      565    13.45     41      647    15.78      -82   ROJA
   90   10:59     -10   ROJA     42      565    13.45     42      657    15.64      -92   ROJA
   91   11:00     +13  VERDE     43      578    13.44     42      657    15.64      -79   ROJA
   92   11:01      +4  VERDE     44      582    13.23     42      657    15.64      -75   ROJA
   93   11:02     -25   ROJA     44      582    13.23     43      682    15.86     -100   ROJA
   94   11:03      -5   ROJA     44      582    13.23     44      687    15.61     -105   ROJA
   95   11:04      +0   DOJI     44      582    13.23     44      687    15.61     -105   ROJA
   96   11:05     -23   ROJA     44      582    13.23     45      710    15.78     -128   ROJA
   97   11:06     -17   ROJA     44      582    13.23     46      727    15.80     -145   ROJA
   98   11:07      -6   ROJA     44      582    13.23     47      733    15.60     -151   ROJA
   99   11:08     -15   ROJA     44      582    13.23     48      748    15.58     -166   ROJA
  100   11:09      -8   ROJA     44      582    13.23     49      756    15.43     -174   ROJA
  101   11:10      +1  VERDE     45      583    12.96     49      756    15.43     -173   ROJA
  102   11:11      -5   ROJA     45      583    12.96     50      761    15.22     -178   ROJA
  103   11:12      +9  VERDE     46      592    12.87     50      761    15.22     -169   ROJA
  104   11:13     -21   ROJA     46      592    12.87     51      782    15.33     -190   ROJA
  105   11:14      +5  VERDE     47      597    12.70     51      782    15.33     -185   ROJA
  106   11:15      -2   ROJA     47      597    12.70     52      784    15.08     -187   ROJA
  107   11:16     -10   ROJA     47      597    12.70     53      794    14.98     -197   ROJA
  108   11:17      -5   ROJA     47      597    12.70     54      799    14.80     -202   ROJA
  109   11:18     -27   ROJA     47      597    12.70     55      826    15.02     -229   ROJA
  110   11:19     +24  VERDE     48      621    12.94     55      826    15.02     -205   ROJA
  111   11:20      +9  VERDE     49      630    12.86     55      826    15.02     -196   ROJA
  112   11:21     +24  VERDE     50      654    13.08     55      826    15.02     -172   ROJA
  113   11:22      -2   ROJA     50      654    13.08     56      828    14.79     -174   ROJA
  114   11:23     -11   ROJA     50      654    13.08     57      839    14.72     -185   ROJA
  115   11:24     -12   ROJA     50      654    13.08     58      851    14.67     -197   ROJA
  116   11:25     +10  VERDE     51      664    13.02     58      851    14.67     -187   ROJA
  117   11:26      +2  VERDE     52      666    12.81     58      851    14.67     -185   ROJA
  118   11:27     -15   ROJA     52      666    12.81     59      866    14.68     -200   ROJA
  119   11:28      -5   ROJA     52      666    12.81     60      871    14.52     -205   ROJA
  120   11:29      -5   ROJA     52      666    12.81     61      876    14.36     -210   ROJA
  121   11:30     +10  VERDE     53      676    12.75     61      876    14.36     -200   ROJA
  122   11:31     -15   ROJA     53      676    12.75     62      891    14.37     -215   ROJA
  123   11:32      +8  VERDE     54      684    12.67     62      891    14.37     -207   ROJA
  124   11:33     -12   ROJA     54      684    12.67     63      903    14.33     -219   ROJA
  125   11:34     -42   ROJA     54      684    12.67     64      945    14.77     -261   ROJA
  126   11:35      +6  VERDE     55      690    12.55     64      945    14.77     -255   ROJA
  127   11:36      +5  VERDE     56      695    12.41     64      945    14.77     -250   ROJA
  128   11:37      -5   ROJA     56      695    12.41     65      950    14.62     -255   ROJA
  129   11:38      +1  VERDE     57      696    12.21     65      950    14.62     -254   ROJA
  130   11:39     -13   ROJA     57      696    12.21     66      963    14.59     -267   ROJA
  131   11:40     +13  VERDE     58      709    12.22     66      963    14.59     -254   ROJA
  132   11:41      -1   ROJA     58      709    12.22     67      964    14.39     -255   ROJA
  133   11:42     +11  VERDE     59      720    12.20     67      964    14.39     -244   ROJA
  134   11:43      +6  VERDE     60      726    12.10     67      964    14.39     -238   ROJA
  135   11:44      +0   DOJI     60      726    12.10     67      964    14.39     -238   ROJA
  136   11:45      -8   ROJA     60      726    12.10     68      972    14.29     -246   ROJA
  137   11:46     -10   ROJA     60      726    12.10     69      982    14.23     -256   ROJA
  138   11:47      -7   ROJA     60      726    12.10     70      989    14.13     -263   ROJA
  139   11:48      +8  VERDE     61      734    12.03     70      989    14.13     -255   ROJA
  140   11:49      +0   DOJI     61      734    12.03     70      989    14.13     -255   ROJA
  141   11:50     +23  VERDE     62      757    12.21     70      989    14.13     -232   ROJA
  142   11:51     -29   ROJA     62      757    12.21     71     1018    14.34     -261   ROJA
  143   11:52      -9   ROJA     62      757    12.21     72     1027    14.26     -270   ROJA
  144   11:53      -5   ROJA     62      757    12.21     73     1032    14.14     -275   ROJA
  145   11:54      +5  VERDE     63      762    12.10     73     1032    14.14     -270   ROJA
  146   11:55      -5   ROJA     63      762    12.10     74     1037    14.01     -275   ROJA
  147   11:56     +11  VERDE     64      773    12.08     74     1037    14.01     -264   ROJA
  148   11:57      -4   ROJA     64      773    12.08     75     1041    13.88     -268   ROJA
  149   11:58     +15  VERDE     65      788    12.12     75     1041    13.88     -253   ROJA
  150   11:59      -2   ROJA     65      788    12.12     76     1043    13.72     -255   ROJA
  151   12:00     +26  VERDE     66      814    12.33     76     1043    13.72     -229   ROJA
  152   12:01     -18   ROJA     66      814    12.33     77     1061    13.78     -247   ROJA
  153   12:02      +6  VERDE     67      820    12.24     77     1061    13.78     -241   ROJA
  154   12:03     -14   ROJA     67      820    12.24     78     1075    13.78     -255   ROJA
  155   12:04      +0   DOJI     67      820    12.24     78     1075    13.78     -255   ROJA
  156   12:05     +32  VERDE     68      852    12.53     78     1075    13.78     -223   ROJA
  157   12:06      -3   ROJA     68      852    12.53     79     1078    13.65     -226   ROJA
  158   12:07      -6   ROJA     68      852    12.53     80     1084    13.55     -232   ROJA
  159   12:08      +3  VERDE     69      855    12.39     80     1084    13.55     -229   ROJA
  160   12:09      +3  VERDE     70      858    12.26     80     1084    13.55     -226   ROJA
  161   12:10      -5   ROJA     70      858    12.26     81     1089    13.44     -231   ROJA
  162   12:11     -18   ROJA     70      858    12.26     82     1107    13.50     -249   ROJA
  163   12:12      +1  VERDE     71      859    12.10     82     1107    13.50     -248   ROJA
  164   12:13      +0   DOJI     71      859    12.10     82     1107    13.50     -248   ROJA
  165   12:14     -14   ROJA     71      859    12.10     83     1121    13.51     -262   ROJA
  166   12:15     +17  VERDE     72      876    12.17     83     1121    13.51     -245   ROJA
  167   12:16     +20  VERDE     73      896    12.27     83     1121    13.51     -225   ROJA
  168   12:17      +2  VERDE     74      898    12.14     83     1121    13.51     -223   ROJA
  169   12:18     -12   ROJA     74      898    12.14     84     1133    13.49     -235   ROJA
  170   12:19     -14   ROJA     74      898    12.14     85     1147    13.49     -249   ROJA
  171   12:20      -3   ROJA     74      898    12.14     86     1150    13.37     -252   ROJA
  172   12:21      +9  VERDE     75      907    12.09     86     1150    13.37     -243   ROJA
  173   12:22      +4  VERDE     76      911    11.99     86     1150    13.37     -239   ROJA
  174   12:23     -15   ROJA     76      911    11.99     87     1165    13.39     -254   ROJA
  175   12:24     -29   ROJA     76      911    11.99     88     1194    13.57     -283   ROJA
  176   12:25      -7   ROJA     76      911    11.99     89     1201    13.49     -290   ROJA
  177   12:26      +3  VERDE     77      914    11.87     89     1201    13.49     -287   ROJA
  178   12:27     +23  VERDE     78      937    12.01     89     1201    13.49     -264   ROJA
  179   12:28     -19   ROJA     78      937    12.01     90     1220    13.56     -283   ROJA
  180   12:29     +13  VERDE     79      950    12.03     90     1220    13.56     -270   ROJA
  181   12:30      +1  VERDE     80      951    11.89     90     1220    13.56     -269   ROJA
  182   12:31     -29   ROJA     80      951    11.89     91     1249    13.73     -298   ROJA
  183   12:32      -6   ROJA     80      951    11.89     92     1255    13.64     -304   ROJA
  184   12:33      +4  VERDE     81      955    11.79     92     1255    13.64     -300   ROJA
  185   12:34      -1   ROJA     81      955    11.79     93     1256    13.51     -301   ROJA
  186   12:35     +19  VERDE     82      974    11.88     93     1256    13.51     -282   ROJA
  187   12:36      +7  VERDE     83      981    11.82     93     1256    13.51     -275   ROJA
  188   12:37      +9  VERDE     84      990    11.79     93     1256    13.51     -266   ROJA
  189   12:38      -4   ROJA     84      990    11.79     94     1260    13.40     -270   ROJA
  190   12:39      +1  VERDE     85      991    11.66     94     1260    13.40     -269   ROJA
  191   12:40     -12   ROJA     85      991    11.66     95     1272    13.39     -281   ROJA
  192   12:41      +0   DOJI     85      991    11.66     95     1272    13.39     -281   ROJA
  193   12:42      +0   DOJI     85      991    11.66     95     1272    13.39     -281   ROJA
  194   12:43     -13   ROJA     85      991    11.66     96     1285    13.39     -294   ROJA
  195   12:44      +0   DOJI     85      991    11.66     96     1285    13.39     -294   ROJA
  196   12:45     -11   ROJA     85      991    11.66     97     1296    13.36     -305   ROJA
  197   12:46     -12   ROJA     85      991    11.66     98     1308    13.35     -317   ROJA
  198   12:47      +1  VERDE     86      992    11.53     98     1308    13.35     -316   ROJA
  199   12:48      +1  VERDE     87      993    11.41     98     1308    13.35     -315   ROJA
  200   12:49      +7  VERDE     88     1000    11.36     98     1308    13.35     -308   ROJA
  201   12:50      -6   ROJA     88     1000    11.36     99     1314    13.27     -314   ROJA
  202   12:51      +8  VERDE     89     1008    11.33     99     1314    13.27     -306   ROJA
  203   12:52      -6   ROJA     89     1008    11.33    100     1320    13.20     -312   ROJA
  204   12:53      -5   ROJA     89     1008    11.33    101     1325    13.12     -317   ROJA
  205   12:54      +5  VERDE     90     1013    11.26    101     1325    13.12     -312   ROJA
  206   12:55      -9   ROJA     90     1013    11.26    102     1334    13.08     -321   ROJA
  207   12:56      -9   ROJA     90     1013    11.26    103     1343    13.04     -330   ROJA
  208   12:57      -6   ROJA     90     1013    11.26    104     1349    12.97     -336   ROJA
  209   12:58      -6   ROJA     90     1013    11.26    105     1355    12.90     -342   ROJA
  210   12:59      +7  VERDE     91     1020    11.21    105     1355    12.90     -335   ROJA
  211   13:00     -13   ROJA     91     1020    11.21    106     1368    12.91     -348   ROJA
  212   13:01      +3  VERDE     92     1023    11.12    106     1368    12.91     -345   ROJA
  213   13:02     -20   ROJA     92     1023    11.12    107     1388    12.97     -365   ROJA
  214   13:03     +11  VERDE     93     1034    11.12    107     1388    12.97     -354   ROJA
  215   13:04     -21   ROJA     93     1034    11.12    108     1409    13.05     -375   ROJA
  216   13:05      +6  VERDE     94     1040    11.06    108     1409    13.05     -369   ROJA
  217   13:06     +20  VERDE     95     1060    11.16    108     1409    13.05     -349   ROJA
  218   13:07      -4   ROJA     95     1060    11.16    109     1413    12.96     -353   ROJA
  219   13:08      -7   ROJA     95     1060    11.16    110     1420    12.91     -360   ROJA
  220   13:09      -3   ROJA     95     1060    11.16    111     1423    12.82     -363   ROJA
  221   13:10     -10   ROJA     95     1060    11.16    112     1433    12.79     -373   ROJA
  222   13:11     -24   ROJA     95     1060    11.16    113     1457    12.89     -397   ROJA
  223   13:12      -7   ROJA     95     1060    11.16    114     1464    12.84     -404   ROJA
  224   13:13      +1  VERDE     96     1061    11.05    114     1464    12.84     -403   ROJA
  225   13:14     -14   ROJA     96     1061    11.05    115     1478    12.85     -417   ROJA
  226   13:15     +14  VERDE     97     1075    11.08    115     1478    12.85     -403   ROJA
  227   13:16      -6   ROJA     97     1075    11.08    116     1484    12.79     -409   ROJA
  228   13:17     +25  VERDE     98     1100    11.22    116     1484    12.79     -384   ROJA
  229   13:18      +5  VERDE     99     1105    11.16    116     1484    12.79     -379   ROJA
  230   13:19      +8  VERDE    100     1113    11.13    116     1484    12.79     -371   ROJA
  231   13:20      -2   ROJA    100     1113    11.13    117     1486    12.70     -373   ROJA
  232   13:21     +19  VERDE    101     1132    11.21    117     1486    12.70     -354   ROJA
  233   13:22     -21   ROJA    101     1132    11.21    118     1507    12.77     -375   ROJA
  234   13:23      +2  VERDE    102     1134    11.12    118     1507    12.77     -373   ROJA
  235   13:24     +15  VERDE    103     1149    11.16    118     1507    12.77     -358   ROJA
  236   13:25     -14   ROJA    103     1149    11.16    119     1521    12.78     -372   ROJA
  237   13:26      +4  VERDE    104     1153    11.09    119     1521    12.78     -368   ROJA
  238   13:27      -4   ROJA    104     1153    11.09    120     1525    12.71     -372   ROJA
  239   13:28     +14  VERDE    105     1167    11.11    120     1525    12.71     -358   ROJA
  240   13:29      -2   ROJA    105     1167    11.11    121     1527    12.62     -360   ROJA
  241   13:30      -4   ROJA    105     1167    11.11    122     1531    12.55     -364   ROJA
  242   13:31      -3   ROJA    105     1167    11.11    123     1534    12.47     -367   ROJA
  243   13:32      -4   ROJA    105     1167    11.11    124     1538    12.40     -371   ROJA
  244   13:33      +4  VERDE    106     1171    11.05    124     1538    12.40     -367   ROJA
  245   13:34     +13  VERDE    107     1184    11.07    124     1538    12.40     -354   ROJA
  246   13:35      +9  VERDE    108     1193    11.05    124     1538    12.40     -345   ROJA
  247   13:36      -3   ROJA    108     1193    11.05    125     1541    12.33     -348   ROJA
  248   13:37      -6   ROJA    108     1193    11.05    126     1547    12.28     -354   ROJA
  249   13:38     -15   ROJA    108     1193    11.05    127     1562    12.30     -369   ROJA
  250   13:39     +10  VERDE    109     1203    11.04    127     1562    12.30     -359   ROJA
  251   13:40     +11  VERDE    110     1214    11.04    127     1562    12.30     -348   ROJA
  252   13:41     +15  VERDE    111     1229    11.07    127     1562    12.30     -333   ROJA
  253   13:42     +12  VERDE    112     1241    11.08    127     1562    12.30     -321   ROJA
  254   13:43      -3   ROJA    112     1241    11.08    128     1565    12.23     -324   ROJA
  255   13:44      +6  VERDE    113     1247    11.04    128     1565    12.23     -318   ROJA
  256   13:45      -5   ROJA    113     1247    11.04    129     1570    12.17     -323   ROJA
  257   13:46      -2   ROJA    113     1247    11.04    130     1572    12.09     -325   ROJA
  258   13:47      +2  VERDE    114     1249    10.96    130     1572    12.09     -323   ROJA
  259   13:48      +4  VERDE    115     1253    10.90    130     1572    12.09     -319   ROJA
  260   13:49     -13   ROJA    115     1253    10.90    131     1585    12.10     -332   ROJA
  261   13:50      +5  VERDE    116     1258    10.84    131     1585    12.10     -327   ROJA
  262   13:51      -5   ROJA    116     1258    10.84    132     1590    12.05     -332   ROJA
  263   13:52      +6  VERDE    117     1264    10.80    132     1590    12.05     -326   ROJA
  264   13:53      +0   DOJI    117     1264    10.80    132     1590    12.05     -326   ROJA
  265   13:54      +4  VERDE    118     1268    10.75    132     1590    12.05     -322   ROJA
  266   13:55      -7   ROJA    118     1268    10.75    133     1597    12.01     -329   ROJA
  267   13:56      -9   ROJA    118     1268    10.75    134     1606    11.99     -338   ROJA
  268   13:57      -2   ROJA    118     1268    10.75    135     1608    11.91     -340   ROJA
  269   13:58     +14  VERDE    119     1282    10.77    135     1608    11.91     -326   ROJA
  270   13:59      -1   ROJA    119     1282    10.77    136     1609    11.83     -327   ROJA
  271   14:00      -6   ROJA    119     1282    10.77    137     1615    11.79     -333   ROJA
  272   14:01      -6   ROJA    119     1282    10.77    138     1621    11.75     -339   ROJA
  273   14:02      -6   ROJA    119     1282    10.77    139     1627    11.71     -345   ROJA
  274   14:03     +13  VERDE    120     1295    10.79    139     1627    11.71     -332   ROJA
  275   14:04      -4   ROJA    120     1295    10.79    140     1631    11.65     -336   ROJA
  276   14:05      -7   ROJA    120     1295    10.79    141     1638    11.62     -343   ROJA
  277   14:06     -24   ROJA    120     1295    10.79    142     1662    11.70     -367   ROJA
  278   14:07      +7  VERDE    121     1302    10.76    142     1662    11.70     -360   ROJA
  279   14:08     -12   ROJA    121     1302    10.76    143     1674    11.71     -372   ROJA
  280   14:09      -5   ROJA    121     1302    10.76    144     1679    11.66     -377   ROJA
  281   14:10      +5  VERDE    122     1307    10.71    144     1679    11.66     -372   ROJA
  282   14:11      +9  VERDE    123     1316    10.70    144     1679    11.66     -363   ROJA
  283   14:12      -7   ROJA    123     1316    10.70    145     1686    11.63     -370   ROJA
  284   14:13      -3   ROJA    123     1316    10.70    146     1689    11.57     -373   ROJA
  285   14:14      +5  VERDE    124     1321    10.65    146     1689    11.57     -368   ROJA
  286   14:15      -5   ROJA    124     1321    10.65    147     1694    11.52     -373   ROJA
  287   14:16      -7   ROJA    124     1321    10.65    148     1701    11.49     -380   ROJA
  288   14:17      -6   ROJA    124     1321    10.65    149     1707    11.46     -386   ROJA
  289   14:18      +8  VERDE    125     1329    10.63    149     1707    11.46     -378   ROJA
  290   14:19      +1  VERDE    126     1330    10.56    149     1707    11.46     -377   ROJA
  291   14:20     -22   ROJA    126     1330    10.56    150     1729    11.53     -399   ROJA
  292   14:21     -11   ROJA    126     1330    10.56    151     1740    11.52     -410   ROJA
  293   14:22      +1  VERDE    127     1331    10.48    151     1740    11.52     -409   ROJA
  294   14:23     -10   ROJA    127     1331    10.48    152     1750    11.51     -419   ROJA
  295   14:24     +15  VERDE    128     1346    10.52    152     1750    11.51     -404   ROJA
  296   14:25      +5  VERDE    129     1351    10.47    152     1750    11.51     -399   ROJA
  297   14:26     -17   ROJA    129     1351    10.47    153     1767    11.55     -416   ROJA
  298   14:27     -28   ROJA    129     1351    10.47    154     1795    11.66     -444   ROJA
  299   14:28     -20   ROJA    129     1351    10.47    155     1815    11.71     -464   ROJA
  300   14:29     -40   ROJA    129     1351    10.47    156     1855    11.89     -504   ROJA
  301   14:30     +28  VERDE    130     1379    10.61    156     1855    11.89     -476   ROJA
  302   14:31     +17  VERDE    131     1396    10.66    156     1855    11.89     -459   ROJA
  303   14:32      +2  VERDE    132     1398    10.59    156     1855    11.89     -457   ROJA
  304   14:33     -10   ROJA    132     1398    10.59    157     1865    11.88     -467   ROJA
  305   14:34     +11  VERDE    133     1409    10.59    157     1865    11.88     -456   ROJA
  306   14:35      +8  VERDE    134     1417    10.57    157     1865    11.88     -448   ROJA
  307   14:36      +1  VERDE    135     1418    10.50    157     1865    11.88     -447   ROJA
  308   14:37     -10   ROJA    135     1418    10.50    158     1875    11.87     -457   ROJA
  309   14:38      -1   ROJA    135     1418    10.50    159     1876    11.80     -458   ROJA
  310   14:39      +1  VERDE    136     1419    10.43    159     1876    11.80     -457   ROJA
  311   14:40     -16   ROJA    136     1419    10.43    160     1892    11.82     -473   ROJA
  312   14:41     -17   ROJA    136     1419    10.43    161     1909    11.86     -490   ROJA
  313   14:42     +14  VERDE    137     1433    10.46    161     1909    11.86     -476   ROJA
  314   14:43      -1   ROJA    137     1433    10.46    162     1910    11.79     -477   ROJA
  315   14:44      -2   ROJA    137     1433    10.46    163     1912    11.73     -479   ROJA
  316   14:45     +14  VERDE    138     1447    10.49    163     1912    11.73     -465   ROJA
  317   14:46      +4  VERDE    139     1451    10.44    163     1912    11.73     -461   ROJA
  318   14:47      +2  VERDE    140     1453    10.38    163     1912    11.73     -459   ROJA
  319   14:48     +17  VERDE    141     1470    10.43    163     1912    11.73     -442   ROJA
  320   14:49     +18  VERDE    142     1488    10.48    163     1912    11.73     -424   ROJA
  321   14:50      -9   ROJA    142     1488    10.48    164     1921    11.71     -433   ROJA
  322   14:51      +3  VERDE    143     1491    10.43    164     1921    11.71     -430   ROJA
  323   14:52      +8  VERDE    144     1499    10.41    164     1921    11.71     -422   ROJA
  324   14:53      -6   ROJA    144     1499    10.41    165     1927    11.68     -428   ROJA
  325   14:54      +6  VERDE    145     1505    10.38    165     1927    11.68     -422   ROJA
  326   14:55      -8   ROJA    145     1505    10.38    166     1935    11.66     -430   ROJA
  327   14:56      -9   ROJA    145     1505    10.38    167     1944    11.64     -439   ROJA
  328   14:57     +14  VERDE    146     1519    10.40    167     1944    11.64     -425   ROJA
  329   14:58     -20   ROJA    146     1519    10.40    168     1964    11.69     -445   ROJA
  330   14:59      -5   ROJA    146     1519    10.40    169     1969    11.65     -450   ROJA
  331   15:00     -11   ROJA    146     1519    10.40    170     1980    11.65     -461   ROJA
  332   15:01      +0   DOJI    146     1519    10.40    170     1980    11.65     -461   ROJA
  333   15:02      +9  VERDE    147     1528    10.39    170     1980    11.65     -452   ROJA
  334   15:03      +4  VERDE    148     1532    10.35    170     1980    11.65     -448   ROJA
  335   15:04      +0   DOJI    148     1532    10.35    170     1980    11.65     -448   ROJA
  336   15:05      -2   ROJA    148     1532    10.35    171     1982    11.59     -450   ROJA
  337   15:06      -5   ROJA    148     1532    10.35    172     1987    11.55     -455   ROJA
  338   15:07     -12   ROJA    148     1532    10.35    173     1999    11.55     -467   ROJA
  339   15:08      +9  VERDE    149     1541    10.34    173     1999    11.55     -458   ROJA
  340   15:09     +10  VERDE    150     1551    10.34    173     1999    11.55     -448   ROJA
  341   15:10      +9  VERDE    151     1560    10.33    173     1999    11.55     -439   ROJA
  342   15:11      +5  VERDE    152     1565    10.30    173     1999    11.55     -434   ROJA
  343   15:12      -5   ROJA    152     1565    10.30    174     2004    11.52     -439   ROJA
  344   15:13     +17  VERDE    153     1582    10.34    174     2004    11.52     -422   ROJA
  345   15:14     -12   ROJA    153     1582    10.34    175     2016    11.52     -434   ROJA
  346   15:15      -6   ROJA    153     1582    10.34    176     2022    11.49     -440   ROJA
  347   15:16     +12  VERDE    154     1594    10.35    176     2022    11.49     -428   ROJA
  348   15:17      -8   ROJA    154     1594    10.35    177     2030    11.47     -436   ROJA
  349   15:18     +11  VERDE    155     1605    10.35    177     2030    11.47     -425   ROJA
  350   15:19      +6  VERDE    156     1611    10.33    177     2030    11.47     -419   ROJA
  351   15:20      +0   DOJI    156     1611    10.33    177     2030    11.47     -419   ROJA
  352   15:21      +7  VERDE    157     1618    10.31    177     2030    11.47     -412   ROJA
  353   15:22      -1   ROJA    157     1618    10.31    178     2031    11.41     -413   ROJA
  354   15:23      +3  VERDE    158     1621    10.26    178     2031    11.41     -410   ROJA
  355   15:24     +11  VERDE    159     1632    10.26    178     2031    11.41     -399   ROJA
  356   15:25      -2   ROJA    159     1632    10.26    179     2033    11.36     -401   ROJA
  357   15:26      -6   ROJA    159     1632    10.26    180     2039    11.33     -407   ROJA
  358   15:27      -6   ROJA    159     1632    10.26    181     2045    11.30     -413   ROJA
  359   15:28     +14  VERDE    160     1646    10.29    181     2045    11.30     -399   ROJA
  360   15:29      -2   ROJA    160     1646    10.29    182     2047    11.25     -401   ROJA
  361   15:30      +6  VERDE    161     1652    10.26    182     2047    11.25     -395   ROJA
  362   15:31      +8  VERDE    162     1660    10.25    182     2047    11.25     -387   ROJA
  363   15:32     -15   ROJA    162     1660    10.25    183     2062    11.27     -402   ROJA
  364   15:33      +9  VERDE    163     1669    10.24    183     2062    11.27     -393   ROJA
  365   15:34     +12  VERDE    164     1681    10.25    183     2062    11.27     -381   ROJA
  366   15:35      +0   DOJI    164     1681    10.25    183     2062    11.27     -381   ROJA
  367   15:36     +17  VERDE    165     1698    10.29    183     2062    11.27     -364   ROJA
  368   15:37      -3   ROJA    165     1698    10.29    184     2065    11.22     -367   ROJA
  369   15:38     +17  VERDE    166     1715    10.33    184     2065    11.22     -350   ROJA
  370   15:39      -4   ROJA    166     1715    10.33    185     2069    11.18     -354   ROJA
  371   15:40     -11   ROJA    166     1715    10.33    186     2080    11.18     -365   ROJA
  372   15:41      -6   ROJA    166     1715    10.33    187     2086    11.16     -371   ROJA
  373   15:42     -12   ROJA    166     1715    10.33    188     2098    11.16     -383   ROJA
  374   15:43      +5  VERDE    167     1720    10.30    188     2098    11.16     -378   ROJA
  375   15:44      -8   ROJA    167     1720    10.30    189     2106    11.14     -386   ROJA
  376   15:45     -25   ROJA    167     1720    10.30    190     2131    11.22     -411   ROJA
  377   15:46      +5  VERDE    168     1725    10.27    190     2131    11.22     -406   ROJA
  378   15:47      -4   ROJA    168     1725    10.27    191     2135    11.18     -410   ROJA
  379   15:48     -13   ROJA    168     1725    10.27    192     2148    11.19     -423   ROJA
  380   15:49      +3  VERDE    169     1728    10.22    192     2148    11.19     -420   ROJA
  381   15:50     -32   ROJA    169     1728    10.22    193     2180    11.30     -452   ROJA
  382   15:51      +7  VERDE    170     1735    10.21    193     2180    11.30     -445   ROJA
  383   15:52     -22   ROJA    170     1735    10.21    194     2202    11.35     -467   ROJA
  384   15:53      +5  VERDE    171     1740    10.18    194     2202    11.35     -462   ROJA
  385   15:54     +44  VERDE    172     1784    10.37    194     2202    11.35     -418   ROJA
  386   15:55     -17   ROJA    172     1784    10.37    195     2219    11.38     -435   ROJA
  387   15:56      -8   ROJA    172     1784    10.37    196     2227    11.36     -443   ROJA
  388   15:57      -9   ROJA    172     1784    10.37    197     2236    11.35     -452   ROJA
  389   15:58     +25  VERDE    173     1809    10.46    197     2236    11.35     -427   ROJA
  390   15:59     +14  VERDE    174     1823    10.48    197     2236    11.35     -413   ROJA

  RESUMEN 2026-08-11
    verdes :  174 velas,   1823 centavos, cuerpo medio  10.48
    rojas  :  197 velas,   2236 centavos, cuerpo medio  11.35
    dojis  :   19
    dif final (ver-roj) = -413 centavos (-4.13 puntos)
    COMPROBACION CRUZADA: suma directa de cuerpos = -413  ->  CUADRA
    el dominio cambia de manos 0 veces en el dia

========================================================================================================
=== 2026-08-12 ===   390 velas
========================================================================================================
 vela    hora  cuerpo  color  n_ver  sum_ver  med_ver  n_roj  sum_roj  med_roj      dif    dom
    1   09:30     -83   ROJA      0        0     0.00      1       83    83.00      -83   ROJA
    2   09:31     -75   ROJA      0        0     0.00      2      158    79.00     -158   ROJA
    3   09:32     -34   ROJA      0        0     0.00      3      192    64.00     -192   ROJA
    4   09:33     +26  VERDE      1       26    26.00      3      192    64.00     -166   ROJA
    5   09:34      +5  VERDE      2       31    15.50      3      192    64.00     -161   ROJA
    6   09:35     +10  VERDE      3       41    13.67      3      192    64.00     -151   ROJA
    7   09:36     +23  VERDE      4       64    16.00      3      192    64.00     -128   ROJA
    8   09:37     -34   ROJA      4       64    16.00      4      226    56.50     -162   ROJA
    9   09:38      -1   ROJA      4       64    16.00      5      227    45.40     -163   ROJA
   10   09:39     -16   ROJA      4       64    16.00      6      243    40.50     -179   ROJA
   11   09:40     -18   ROJA      4       64    16.00      7      261    37.29     -197   ROJA
   12   09:41     +31  VERDE      5       95    19.00      7      261    37.29     -166   ROJA
   13   09:42      -6   ROJA      5       95    19.00      8      267    33.38     -172   ROJA
   14   09:43      -4   ROJA      5       95    19.00      9      271    30.11     -176   ROJA
   15   09:44      -8   ROJA      5       95    19.00     10      279    27.90     -184   ROJA
   16   09:45      -7   ROJA      5       95    19.00     11      286    26.00     -191   ROJA
   17   09:46     -17   ROJA      5       95    19.00     12      303    25.25     -208   ROJA
   18   09:47     +13  VERDE      6      108    18.00     12      303    25.25     -195   ROJA
   19   09:48     +81  VERDE      7      189    27.00     12      303    25.25     -114   ROJA
   20   09:49      +2  VERDE      8      191    23.88     12      303    25.25     -112   ROJA
   21   09:50     -15   ROJA      8      191    23.88     13      318    24.46     -127   ROJA
   22   09:51     -25   ROJA      8      191    23.88     14      343    24.50     -152   ROJA
   23   09:52     -40   ROJA      8      191    23.88     15      383    25.53     -192   ROJA
   24   09:53     +19  VERDE      9      210    23.33     15      383    25.53     -173   ROJA
   25   09:54     -28   ROJA      9      210    23.33     16      411    25.69     -201   ROJA
   26   09:55      -5   ROJA      9      210    23.33     17      416    24.47     -206   ROJA
   27   09:56     -40   ROJA      9      210    23.33     18      456    25.33     -246   ROJA
   28   09:57     +17  VERDE     10      227    22.70     18      456    25.33     -229   ROJA
   29   09:58     +30  VERDE     11      257    23.36     18      456    25.33     -199   ROJA
   30   09:59      -8   ROJA     11      257    23.36     19      464    24.42     -207   ROJA
   31   10:00      -5   ROJA     11      257    23.36     20      469    23.45     -212   ROJA
   32   10:01      +0   DOJI     11      257    23.36     20      469    23.45     -212   ROJA
   33   10:02     -31   ROJA     11      257    23.36     21      500    23.81     -243   ROJA
   34   10:03     -13   ROJA     11      257    23.36     22      513    23.32     -256   ROJA
   35   10:04     -21   ROJA     11      257    23.36     23      534    23.22     -277   ROJA
   36   10:05     +36  VERDE     12      293    24.42     23      534    23.22     -241   ROJA
   37   10:06      +3  VERDE     13      296    22.77     23      534    23.22     -238   ROJA
   38   10:07      -8   ROJA     13      296    22.77     24      542    22.58     -246   ROJA
   39   10:08     +10  VERDE     14      306    21.86     24      542    22.58     -236   ROJA
   40   10:09      +5  VERDE     15      311    20.73     24      542    22.58     -231   ROJA
   41   10:10     +25  VERDE     16      336    21.00     24      542    22.58     -206   ROJA
   42   10:11     -15   ROJA     16      336    21.00     25      557    22.28     -221   ROJA
   43   10:12      -5   ROJA     16      336    21.00     26      562    21.62     -226   ROJA
   44   10:13      -6   ROJA     16      336    21.00     27      568    21.04     -232   ROJA
   45   10:14      +2  VERDE     17      338    19.88     27      568    21.04     -230   ROJA
   46   10:15     +18  VERDE     18      356    19.78     27      568    21.04     -212   ROJA
   47   10:16      -2   ROJA     18      356    19.78     28      570    20.36     -214   ROJA
   48   10:17     +17  VERDE     19      373    19.63     28      570    20.36     -197   ROJA
   49   10:18     +26  VERDE     20      399    19.95     28      570    20.36     -171   ROJA
   50   10:19     -47   ROJA     20      399    19.95     29      617    21.28     -218   ROJA
   51   10:20      -1   ROJA     20      399    19.95     30      618    20.60     -219   ROJA
   52   10:21      +6  VERDE     21      405    19.29     30      618    20.60     -213   ROJA
   53   10:22      +5  VERDE     22      410    18.64     30      618    20.60     -208   ROJA
   54   10:23     +29  VERDE     23      439    19.09     30      618    20.60     -179   ROJA
   55   10:24     +10  VERDE     24      449    18.71     30      618    20.60     -169   ROJA
   56   10:25     -12   ROJA     24      449    18.71     31      630    20.32     -181   ROJA
   57   10:26     +44  VERDE     25      493    19.72     31      630    20.32     -137   ROJA
   58   10:27      -9   ROJA     25      493    19.72     32      639    19.97     -146   ROJA
   59   10:28     -16   ROJA     25      493    19.72     33      655    19.85     -162   ROJA
   60   10:29     -26   ROJA     25      493    19.72     34      681    20.03     -188   ROJA
   61   10:30      -5   ROJA     25      493    19.72     35      686    19.60     -193   ROJA
   62   10:31     -26   ROJA     25      493    19.72     36      712    19.78     -219   ROJA
   63   10:32     -23   ROJA     25      493    19.72     37      735    19.86     -242   ROJA
   64   10:33     +18  VERDE     26      511    19.65     37      735    19.86     -224   ROJA
   65   10:34     -37   ROJA     26      511    19.65     38      772    20.32     -261   ROJA
   66   10:35     +19  VERDE     27      530    19.63     38      772    20.32     -242   ROJA
   67   10:36     +12  VERDE     28      542    19.36     38      772    20.32     -230   ROJA
   68   10:37     +29  VERDE     29      571    19.69     38      772    20.32     -201   ROJA
   69   10:38      -6   ROJA     29      571    19.69     39      778    19.95     -207   ROJA
   70   10:39     +25  VERDE     30      596    19.87     39      778    19.95     -182   ROJA
   71   10:40      +9  VERDE     31      605    19.52     39      778    19.95     -173   ROJA
   72   10:41      +2  VERDE     32      607    18.97     39      778    19.95     -171   ROJA
   73   10:42      -9   ROJA     32      607    18.97     40      787    19.68     -180   ROJA
   74   10:43     +18  VERDE     33      625    18.94     40      787    19.68     -162   ROJA
   75   10:44      +8  VERDE     34      633    18.62     40      787    19.68     -154   ROJA
   76   10:45      +4  VERDE     35      637    18.20     40      787    19.68     -150   ROJA
   77   10:46      -6   ROJA     35      637    18.20     41      793    19.34     -156   ROJA
   78   10:47     -48   ROJA     35      637    18.20     42      841    20.02     -204   ROJA
   79   10:48      -3   ROJA     35      637    18.20     43      844    19.63     -207   ROJA
   80   10:49     +17  VERDE     36      654    18.17     43      844    19.63     -190   ROJA
   81   10:50     -38   ROJA     36      654    18.17     44      882    20.05     -228   ROJA
   82   10:51      +5  VERDE     37      659    17.81     44      882    20.05     -223   ROJA
   83   10:52     +12  VERDE     38      671    17.66     44      882    20.05     -211   ROJA
   84   10:53      -1   ROJA     38      671    17.66     45      883    19.62     -212   ROJA
   85   10:54     -41   ROJA     38      671    17.66     46      924    20.09     -253   ROJA
   86   10:55     -12   ROJA     38      671    17.66     47      936    19.91     -265   ROJA
   87   10:56     +17  VERDE     39      688    17.64     47      936    19.91     -248   ROJA
   88   10:57      +8  VERDE     40      696    17.40     47      936    19.91     -240   ROJA
   89   10:58      +3  VERDE     41      699    17.05     47      936    19.91     -237   ROJA
   90   10:59      +2  VERDE     42      701    16.69     47      936    19.91     -235   ROJA
   91   11:00     -10   ROJA     42      701    16.69     48      946    19.71     -245   ROJA
   92   11:01      +8  VERDE     43      709    16.49     48      946    19.71     -237   ROJA
   93   11:02     -13   ROJA     43      709    16.49     49      959    19.57     -250   ROJA
   94   11:03     -29   ROJA     43      709    16.49     50      988    19.76     -279   ROJA
   95   11:04      +7  VERDE     44      716    16.27     50      988    19.76     -272   ROJA
   96   11:05      -2   ROJA     44      716    16.27     51      990    19.41     -274   ROJA
   97   11:06     +32  VERDE     45      748    16.62     51      990    19.41     -242   ROJA
   98   11:07      -8   ROJA     45      748    16.62     52      998    19.19     -250   ROJA
   99   11:08      -2   ROJA     45      748    16.62     53     1000    18.87     -252   ROJA
  100   11:09      +3  VERDE     46      751    16.33     53     1000    18.87     -249   ROJA
  101   11:10     -25   ROJA     46      751    16.33     54     1025    18.98     -274   ROJA
  102   11:11      +8  VERDE     47      759    16.15     54     1025    18.98     -266   ROJA
  103   11:12     +34  VERDE     48      793    16.52     54     1025    18.98     -232   ROJA
  104   11:13      -6   ROJA     48      793    16.52     55     1031    18.75     -238   ROJA
  105   11:14      -8   ROJA     48      793    16.52     56     1039    18.55     -246   ROJA
  106   11:15      -5   ROJA     48      793    16.52     57     1044    18.32     -251   ROJA
  107   11:16     +11  VERDE     49      804    16.41     57     1044    18.32     -240   ROJA
  108   11:17      +5  VERDE     50      809    16.18     57     1044    18.32     -235   ROJA
  109   11:18     -27   ROJA     50      809    16.18     58     1071    18.47     -262   ROJA
  110   11:19     +11  VERDE     51      820    16.08     58     1071    18.47     -251   ROJA
  111   11:20      -6   ROJA     51      820    16.08     59     1077    18.25     -257   ROJA
  112   11:21      +6  VERDE     52      826    15.88     59     1077    18.25     -251   ROJA
  113   11:22     -22   ROJA     52      826    15.88     60     1099    18.32     -273   ROJA
  114   11:23      +0   DOJI     52      826    15.88     60     1099    18.32     -273   ROJA
  115   11:24      +2  VERDE     53      828    15.62     60     1099    18.32     -271   ROJA
  116   11:25      +5  VERDE     54      833    15.43     60     1099    18.32     -266   ROJA
  117   11:26      +5  VERDE     55      838    15.24     60     1099    18.32     -261   ROJA
  118   11:27      -3   ROJA     55      838    15.24     61     1102    18.07     -264   ROJA
  119   11:28     +16  VERDE     56      854    15.25     61     1102    18.07     -248   ROJA
  120   11:29     +22  VERDE     57      876    15.37     61     1102    18.07     -226   ROJA
  121   11:30      -7   ROJA     57      876    15.37     62     1109    17.89     -233   ROJA
  122   11:31     -16   ROJA     57      876    15.37     63     1125    17.86     -249   ROJA
  123   11:32     -17   ROJA     57      876    15.37     64     1142    17.84     -266   ROJA
  124   11:33     -24   ROJA     57      876    15.37     65     1166    17.94     -290   ROJA
  125   11:34     +13  VERDE     58      889    15.33     65     1166    17.94     -277   ROJA
  126   11:35      +4  VERDE     59      893    15.14     65     1166    17.94     -273   ROJA
  127   11:36     +22  VERDE     60      915    15.25     65     1166    17.94     -251   ROJA
  128   11:37     -19   ROJA     60      915    15.25     66     1185    17.95     -270   ROJA
  129   11:38      +0   DOJI     60      915    15.25     66     1185    17.95     -270   ROJA
  130   11:39     -28   ROJA     60      915    15.25     67     1213    18.10     -298   ROJA
  131   11:40      -8   ROJA     60      915    15.25     68     1221    17.96     -306   ROJA
  132   11:41     +26  VERDE     61      941    15.43     68     1221    17.96     -280   ROJA
  133   11:42      -5   ROJA     61      941    15.43     69     1226    17.77     -285   ROJA
  134   11:43     +12  VERDE     62      953    15.37     69     1226    17.77     -273   ROJA
  135   11:44     -11   ROJA     62      953    15.37     70     1237    17.67     -284   ROJA
  136   11:45      +5  VERDE     63      958    15.21     70     1237    17.67     -279   ROJA
  137   11:46      +6  VERDE     64      964    15.06     70     1237    17.67     -273   ROJA
  138   11:47     +15  VERDE     65      979    15.06     70     1237    17.67     -258   ROJA
  139   11:48     -16   ROJA     65      979    15.06     71     1253    17.65     -274   ROJA
  140   11:49     +30  VERDE     66     1009    15.29     71     1253    17.65     -244   ROJA
  141   11:50     -30   ROJA     66     1009    15.29     72     1283    17.82     -274   ROJA
  142   11:51      +1  VERDE     67     1010    15.07     72     1283    17.82     -273   ROJA
  143   11:52     +11  VERDE     68     1021    15.01     72     1283    17.82     -262   ROJA
  144   11:53      +8  VERDE     69     1029    14.91     72     1283    17.82     -254   ROJA
  145   11:54     -11   ROJA     69     1029    14.91     73     1294    17.73     -265   ROJA
  146   11:55      -6   ROJA     69     1029    14.91     74     1300    17.57     -271   ROJA
  147   11:56      +9  VERDE     70     1038    14.83     74     1300    17.57     -262   ROJA
  148   11:57      +3  VERDE     71     1041    14.66     74     1300    17.57     -259   ROJA
  149   11:58      +0   DOJI     71     1041    14.66     74     1300    17.57     -259   ROJA
  150   11:59      +6  VERDE     72     1047    14.54     74     1300    17.57     -253   ROJA
  151   12:00     +26  VERDE     73     1073    14.70     74     1300    17.57     -227   ROJA
  152   12:01      +7  VERDE     74     1080    14.59     74     1300    17.57     -220   ROJA
  153   12:02      -3   ROJA     74     1080    14.59     75     1303    17.37     -223   ROJA
  154   12:03     -13   ROJA     74     1080    14.59     76     1316    17.32     -236   ROJA
  155   12:04      +0   DOJI     74     1080    14.59     76     1316    17.32     -236   ROJA
  156   12:05      +5  VERDE     75     1085    14.47     76     1316    17.32     -231   ROJA
  157   12:06     -14   ROJA     75     1085    14.47     77     1330    17.27     -245   ROJA
  158   12:07     -10   ROJA     75     1085    14.47     78     1340    17.18     -255   ROJA
  159   12:08     +21  VERDE     76     1106    14.55     78     1340    17.18     -234   ROJA
  160   12:09     +10  VERDE     77     1116    14.49     78     1340    17.18     -224   ROJA
  161   12:10      -8   ROJA     77     1116    14.49     79     1348    17.06     -232   ROJA
  162   12:11     +14  VERDE     78     1130    14.49     79     1348    17.06     -218   ROJA
  163   12:12      -4   ROJA     78     1130    14.49     80     1352    16.90     -222   ROJA
  164   12:13     +13  VERDE     79     1143    14.47     80     1352    16.90     -209   ROJA
  165   12:14      +0   DOJI     79     1143    14.47     80     1352    16.90     -209   ROJA
  166   12:15      -1   ROJA     79     1143    14.47     81     1353    16.70     -210   ROJA
  167   12:16      +2  VERDE     80     1145    14.31     81     1353    16.70     -208   ROJA
  168   12:17      -3   ROJA     80     1145    14.31     82     1356    16.54     -211   ROJA
  169   12:18      -1   ROJA     80     1145    14.31     83     1357    16.35     -212   ROJA
  170   12:19      -5   ROJA     80     1145    14.31     84     1362    16.21     -217   ROJA
  171   12:20      -7   ROJA     80     1145    14.31     85     1369    16.11     -224   ROJA
  172   12:21     +10  VERDE     81     1155    14.26     85     1369    16.11     -214   ROJA
  173   12:22     +14  VERDE     82     1169    14.26     85     1369    16.11     -200   ROJA
  174   12:23      -5   ROJA     82     1169    14.26     86     1374    15.98     -205   ROJA
  175   12:24      +0   DOJI     82     1169    14.26     86     1374    15.98     -205   ROJA
  176   12:25      +6  VERDE     83     1175    14.16     86     1374    15.98     -199   ROJA
  177   12:26     -13   ROJA     83     1175    14.16     87     1387    15.94     -212   ROJA
  178   12:27      -3   ROJA     83     1175    14.16     88     1390    15.80     -215   ROJA
  179   12:28      -3   ROJA     83     1175    14.16     89     1393    15.65     -218   ROJA
  180   12:29      +0   DOJI     83     1175    14.16     89     1393    15.65     -218   ROJA
  181   12:30      +2  VERDE     84     1177    14.01     89     1393    15.65     -216   ROJA
  182   12:31     -19   ROJA     84     1177    14.01     90     1412    15.69     -235   ROJA
  183   12:32     +12  VERDE     85     1189    13.99     90     1412    15.69     -223   ROJA
  184   12:33      -9   ROJA     85     1189    13.99     91     1421    15.62     -232   ROJA
  185   12:34     -14   ROJA     85     1189    13.99     92     1435    15.60     -246   ROJA
  186   12:35      +7  VERDE     86     1196    13.91     92     1435    15.60     -239   ROJA
  187   12:36      +5  VERDE     87     1201    13.80     92     1435    15.60     -234   ROJA
  188   12:37     +29  VERDE     88     1230    13.98     92     1435    15.60     -205   ROJA
  189   12:38      +2  VERDE     89     1232    13.84     92     1435    15.60     -203   ROJA
  190   12:39     +15  VERDE     90     1247    13.86     92     1435    15.60     -188   ROJA
  191   12:40      +2  VERDE     91     1249    13.73     92     1435    15.60     -186   ROJA
  192   12:41      +1  VERDE     92     1250    13.59     92     1435    15.60     -185   ROJA
  193   12:42      +0   DOJI     92     1250    13.59     92     1435    15.60     -185   ROJA
  194   12:43      -7   ROJA     92     1250    13.59     93     1442    15.51     -192   ROJA
  195   12:44      +2  VERDE     93     1252    13.46     93     1442    15.51     -190   ROJA
  196   12:45     -12   ROJA     93     1252    13.46     94     1454    15.47     -202   ROJA
  197   12:46      +2  VERDE     94     1254    13.34     94     1454    15.47     -200   ROJA
  198   12:47      +2  VERDE     95     1256    13.22     94     1454    15.47     -198   ROJA
  199   12:48     +12  VERDE     96     1268    13.21     94     1454    15.47     -186   ROJA
  200   12:49      +7  VERDE     97     1275    13.14     94     1454    15.47     -179   ROJA
  201   12:50     +23  VERDE     98     1298    13.24     94     1454    15.47     -156   ROJA
  202   12:51      +3  VERDE     99     1301    13.14     94     1454    15.47     -153   ROJA
  203   12:52      +9  VERDE    100     1310    13.10     94     1454    15.47     -144   ROJA
  204   12:53      -5   ROJA    100     1310    13.10     95     1459    15.36     -149   ROJA
  205   12:54      -6   ROJA    100     1310    13.10     96     1465    15.26     -155   ROJA
  206   12:55      -8   ROJA    100     1310    13.10     97     1473    15.19     -163   ROJA
  207   12:56      +1  VERDE    101     1311    12.98     97     1473    15.19     -162   ROJA
  208   12:57      -6   ROJA    101     1311    12.98     98     1479    15.09     -168   ROJA
  209   12:58      -9   ROJA    101     1311    12.98     99     1488    15.03     -177   ROJA
  210   12:59      +6  VERDE    102     1317    12.91     99     1488    15.03     -171   ROJA
  211   13:00      +0   DOJI    102     1317    12.91     99     1488    15.03     -171   ROJA
  212   13:01     +11  VERDE    103     1328    12.89     99     1488    15.03     -160   ROJA
  213   13:02      -6   ROJA    103     1328    12.89    100     1494    14.94     -166   ROJA
  214   13:03      +5  VERDE    104     1333    12.82    100     1494    14.94     -161   ROJA
  215   13:04      +3  VERDE    105     1336    12.72    100     1494    14.94     -158   ROJA
  216   13:05      +4  VERDE    106     1340    12.64    100     1494    14.94     -154   ROJA
  217   13:06      +8  VERDE    107     1348    12.60    100     1494    14.94     -146   ROJA
  218   13:07      +6  VERDE    108     1354    12.54    100     1494    14.94     -140   ROJA
  219   13:08      -5   ROJA    108     1354    12.54    101     1499    14.84     -145   ROJA
  220   13:09     -18   ROJA    108     1354    12.54    102     1517    14.87     -163   ROJA
  221   13:10      -2   ROJA    108     1354    12.54    103     1519    14.75     -165   ROJA
  222   13:11     -13   ROJA    108     1354    12.54    104     1532    14.73     -178   ROJA
  223   13:12      +5  VERDE    109     1359    12.47    104     1532    14.73     -173   ROJA
  224   13:13      +4  VERDE    110     1363    12.39    104     1532    14.73     -169   ROJA
  225   13:14      +6  VERDE    111     1369    12.33    104     1532    14.73     -163   ROJA
  226   13:15     -28   ROJA    111     1369    12.33    105     1560    14.86     -191   ROJA
  227   13:16      -2   ROJA    111     1369    12.33    106     1562    14.74     -193   ROJA
  228   13:17      -4   ROJA    111     1369    12.33    107     1566    14.64     -197   ROJA
  229   13:18      +3  VERDE    112     1372    12.25    107     1566    14.64     -194   ROJA
  230   13:19      +3  VERDE    113     1375    12.17    107     1566    14.64     -191   ROJA
  231   13:20      +4  VERDE    114     1379    12.10    107     1566    14.64     -187   ROJA
  232   13:21      +1  VERDE    115     1380    12.00    107     1566    14.64     -186   ROJA
  233   13:22     -12   ROJA    115     1380    12.00    108     1578    14.61     -198   ROJA
  234   13:23      +0   DOJI    115     1380    12.00    108     1578    14.61     -198   ROJA
  235   13:24      +6  VERDE    116     1386    11.95    108     1578    14.61     -192   ROJA
  236   13:25     +14  VERDE    117     1400    11.97    108     1578    14.61     -178   ROJA
  237   13:26     +10  VERDE    118     1410    11.95    108     1578    14.61     -168   ROJA
  238   13:27      -7   ROJA    118     1410    11.95    109     1585    14.54     -175   ROJA
  239   13:28      -7   ROJA    118     1410    11.95    110     1592    14.47     -182   ROJA
  240   13:29     -10   ROJA    118     1410    11.95    111     1602    14.43     -192   ROJA
  241   13:30      -4   ROJA    118     1410    11.95    112     1606    14.34     -196   ROJA
  242   13:31      -2   ROJA    118     1410    11.95    113     1608    14.23     -198   ROJA
  243   13:32      +8  VERDE    119     1418    11.92    113     1608    14.23     -190   ROJA
  244   13:33      +5  VERDE    120     1423    11.86    113     1608    14.23     -185   ROJA
  245   13:34      -1   ROJA    120     1423    11.86    114     1609    14.11     -186   ROJA
  246   13:35      -8   ROJA    120     1423    11.86    115     1617    14.06     -194   ROJA
  247   13:36     +12  VERDE    121     1435    11.86    115     1617    14.06     -182   ROJA
  248   13:37      -2   ROJA    121     1435    11.86    116     1619    13.96     -184   ROJA
  249   13:38      -7   ROJA    121     1435    11.86    117     1626    13.90     -191   ROJA
  250   13:39      +1  VERDE    122     1436    11.77    117     1626    13.90     -190   ROJA
  251   13:40      +6  VERDE    123     1442    11.72    117     1626    13.90     -184   ROJA
  252   13:41      +2  VERDE    124     1444    11.65    117     1626    13.90     -182   ROJA
  253   13:42      +0   DOJI    124     1444    11.65    117     1626    13.90     -182   ROJA
  254   13:43      -1   ROJA    124     1444    11.65    118     1627    13.79     -183   ROJA
  255   13:44      -6   ROJA    124     1444    11.65    119     1633    13.72     -189   ROJA
  256   13:45      -5   ROJA    124     1444    11.65    120     1638    13.65     -194   ROJA
  257   13:46      +5  VERDE    125     1449    11.59    120     1638    13.65     -189   ROJA
  258   13:47      +3  VERDE    126     1452    11.52    120     1638    13.65     -186   ROJA
  259   13:48      -8   ROJA    126     1452    11.52    121     1646    13.60     -194   ROJA
  260   13:49      -2   ROJA    126     1452    11.52    122     1648    13.51     -196   ROJA
  261   13:50     +10  VERDE    127     1462    11.51    122     1648    13.51     -186   ROJA
  262   13:51      +2  VERDE    128     1464    11.44    122     1648    13.51     -184   ROJA
  263   13:52      -1   ROJA    128     1464    11.44    123     1649    13.41     -185   ROJA
  264   13:53      -8   ROJA    128     1464    11.44    124     1657    13.36     -193   ROJA
  265   13:54      -8   ROJA    128     1464    11.44    125     1665    13.32     -201   ROJA
  266   13:55      -5   ROJA    128     1464    11.44    126     1670    13.25     -206   ROJA
  267   13:56      +8  VERDE    129     1472    11.41    126     1670    13.25     -198   ROJA
  268   13:57      +3  VERDE    130     1475    11.35    126     1670    13.25     -195   ROJA
  269   13:58      +4  VERDE    131     1479    11.29    126     1670    13.25     -191   ROJA
  270   13:59      -6   ROJA    131     1479    11.29    127     1676    13.20     -197   ROJA
  271   14:00      +0   DOJI    131     1479    11.29    127     1676    13.20     -197   ROJA
  272   14:01      +7  VERDE    132     1486    11.26    127     1676    13.20     -190   ROJA
  273   14:02      +0   DOJI    132     1486    11.26    127     1676    13.20     -190   ROJA
  274   14:03      +3  VERDE    133     1489    11.20    127     1676    13.20     -187   ROJA
  275   14:04      +1  VERDE    134     1490    11.12    127     1676    13.20     -186   ROJA
  276   14:05      +5  VERDE    135     1495    11.07    127     1676    13.20     -181   ROJA
  277   14:06      -9   ROJA    135     1495    11.07    128     1685    13.16     -190   ROJA
  278   14:07      +2  VERDE    136     1497    11.01    128     1685    13.16     -188   ROJA
  279   14:08      -2   ROJA    136     1497    11.01    129     1687    13.08     -190   ROJA
  280   14:09      +4  VERDE    137     1501    10.96    129     1687    13.08     -186   ROJA
  281   14:10      +2  VERDE    138     1503    10.89    129     1687    13.08     -184   ROJA
  282   14:11     +24  VERDE    139     1527    10.99    129     1687    13.08     -160   ROJA
  283   14:12      -3   ROJA    139     1527    10.99    130     1690    13.00     -163   ROJA
  284   14:13      +3  VERDE    140     1530    10.93    130     1690    13.00     -160   ROJA
  285   14:14      -7   ROJA    140     1530    10.93    131     1697    12.95     -167   ROJA
  286   14:15      +1  VERDE    141     1531    10.86    131     1697    12.95     -166   ROJA
  287   14:16      -1   ROJA    141     1531    10.86    132     1698    12.86     -167   ROJA
  288   14:17      -9   ROJA    141     1531    10.86    133     1707    12.83     -176   ROJA
  289   14:18      +4  VERDE    142     1535    10.81    133     1707    12.83     -172   ROJA
  290   14:19     +10  VERDE    143     1545    10.80    133     1707    12.83     -162   ROJA
  291   14:20     -11   ROJA    143     1545    10.80    134     1718    12.82     -173   ROJA
  292   14:21     +12  VERDE    144     1557    10.81    134     1718    12.82     -161   ROJA
  293   14:22      -3   ROJA    144     1557    10.81    135     1721    12.75     -164   ROJA
  294   14:23      +2  VERDE    145     1559    10.75    135     1721    12.75     -162   ROJA
  295   14:24     +10  VERDE    146     1569    10.75    135     1721    12.75     -152   ROJA
  296   14:25      -6   ROJA    146     1569    10.75    136     1727    12.70     -158   ROJA
  297   14:26      +2  VERDE    147     1571    10.69    136     1727    12.70     -156   ROJA
  298   14:27      +1  VERDE    148     1572    10.62    136     1727    12.70     -155   ROJA
  299   14:28      -3   ROJA    148     1572    10.62    137     1730    12.63     -158   ROJA
  300   14:29      -8   ROJA    148     1572    10.62    138     1738    12.59     -166   ROJA
  301   14:30     +13  VERDE    149     1585    10.64    138     1738    12.59     -153   ROJA
  302   14:31     +10  VERDE    150     1595    10.63    138     1738    12.59     -143   ROJA
  303   14:32     +10  VERDE    151     1605    10.63    138     1738    12.59     -133   ROJA
  304   14:33      -3   ROJA    151     1605    10.63    139     1741    12.53     -136   ROJA
  305   14:34      -5   ROJA    151     1605    10.63    140     1746    12.47     -141   ROJA
  306   14:35      +9  VERDE    152     1614    10.62    140     1746    12.47     -132   ROJA
  307   14:36      +4  VERDE    153     1618    10.58    140     1746    12.47     -128   ROJA
  308   14:37      -4   ROJA    153     1618    10.58    141     1750    12.41     -132   ROJA
  309   14:38      +3  VERDE    154     1621    10.53    141     1750    12.41     -129   ROJA
  310   14:39      -2   ROJA    154     1621    10.53    142     1752    12.34     -131   ROJA
  311   14:40     +13  VERDE    155     1634    10.54    142     1752    12.34     -118   ROJA
  312   14:41      +6  VERDE    156     1640    10.51    142     1752    12.34     -112   ROJA
  313   14:42      -4   ROJA    156     1640    10.51    143     1756    12.28     -116   ROJA
  314   14:43      +1  VERDE    157     1641    10.45    143     1756    12.28     -115   ROJA
  315   14:44      -4   ROJA    157     1641    10.45    144     1760    12.22     -119   ROJA
  316   14:45      -9   ROJA    157     1641    10.45    145     1769    12.20     -128   ROJA
  317   14:46      +9  VERDE    158     1650    10.44    145     1769    12.20     -119   ROJA
  318   14:47      -2   ROJA    158     1650    10.44    146     1771    12.13     -121   ROJA
  319   14:48      +6  VERDE    159     1656    10.42    146     1771    12.13     -115   ROJA
  320   14:49      -1   ROJA    159     1656    10.42    147     1772    12.05     -116   ROJA
  321   14:50      +1  VERDE    160     1657    10.36    147     1772    12.05     -115   ROJA
  322   14:51      +5  VERDE    161     1662    10.32    147     1772    12.05     -110   ROJA
  323   14:52      -4   ROJA    161     1662    10.32    148     1776    12.00     -114   ROJA
  324   14:53      -5   ROJA    161     1662    10.32    149     1781    11.95     -119   ROJA
  325   14:54      -4   ROJA    161     1662    10.32    150     1785    11.90     -123   ROJA
  326   14:55     -12   ROJA    161     1662    10.32    151     1797    11.90     -135   ROJA
  327   14:56      -5   ROJA    161     1662    10.32    152     1802    11.86     -140   ROJA
  328   14:57     -20   ROJA    161     1662    10.32    153     1822    11.91     -160   ROJA
  329   14:58      +4  VERDE    162     1666    10.28    153     1822    11.91     -156   ROJA
  330   14:59      -7   ROJA    162     1666    10.28    154     1829    11.88     -163   ROJA
  331   15:00     +26  VERDE    163     1692    10.38    154     1829    11.88     -137   ROJA
  332   15:01      -1   ROJA    163     1692    10.38    155     1830    11.81     -138   ROJA
  333   15:02      -2   ROJA    163     1692    10.38    156     1832    11.74     -140   ROJA
  334   15:03      -3   ROJA    163     1692    10.38    157     1835    11.69     -143   ROJA
  335   15:04      -1   ROJA    163     1692    10.38    158     1836    11.62     -144   ROJA
  336   15:05      +8  VERDE    164     1700    10.37    158     1836    11.62     -136   ROJA
  337   15:06      -2   ROJA    164     1700    10.37    159     1838    11.56     -138   ROJA
  338   15:07      -2   ROJA    164     1700    10.37    160     1840    11.50     -140   ROJA
  339   15:08      +0   DOJI    164     1700    10.37    160     1840    11.50     -140   ROJA
  340   15:09      -5   ROJA    164     1700    10.37    161     1845    11.46     -145   ROJA
  341   15:10      -7   ROJA    164     1700    10.37    162     1852    11.43     -152   ROJA
  342   15:11      -1   ROJA    164     1700    10.37    163     1853    11.37     -153   ROJA
  343   15:12      -1   ROJA    164     1700    10.37    164     1854    11.30     -154   ROJA
  344   15:13      +3  VERDE    165     1703    10.32    164     1854    11.30     -151   ROJA
  345   15:14      -9   ROJA    165     1703    10.32    165     1863    11.29     -160   ROJA
  346   15:15      -1   ROJA    165     1703    10.32    166     1864    11.23     -161   ROJA
  347   15:16     +10  VERDE    166     1713    10.32    166     1864    11.23     -151   ROJA
  348   15:17      -1   ROJA    166     1713    10.32    167     1865    11.17     -152   ROJA
  349   15:18      +1  VERDE    167     1714    10.26    167     1865    11.17     -151   ROJA
  350   15:19      -2   ROJA    167     1714    10.26    168     1867    11.11     -153   ROJA
  351   15:20     -16   ROJA    167     1714    10.26    169     1883    11.14     -169   ROJA
  352   15:21     -12   ROJA    167     1714    10.26    170     1895    11.15     -181   ROJA
  353   15:22      +8  VERDE    168     1722    10.25    170     1895    11.15     -173   ROJA
  354   15:23      +0   DOJI    168     1722    10.25    170     1895    11.15     -173   ROJA
  355   15:24      -4   ROJA    168     1722    10.25    171     1899    11.11     -177   ROJA
  356   15:25      +7  VERDE    169     1729    10.23    171     1899    11.11     -170   ROJA
  357   15:26      +2  VERDE    170     1731    10.18    171     1899    11.11     -168   ROJA
  358   15:27     -12   ROJA    170     1731    10.18    172     1911    11.11     -180   ROJA
  359   15:28      +3  VERDE    171     1734    10.14    172     1911    11.11     -177   ROJA
  360   15:29     +10  VERDE    172     1744    10.14    172     1911    11.11     -167   ROJA
  361   15:30      -8   ROJA    172     1744    10.14    173     1919    11.09     -175   ROJA
  362   15:31      +7  VERDE    173     1751    10.12    173     1919    11.09     -168   ROJA
  363   15:32      -2   ROJA    173     1751    10.12    174     1921    11.04     -170   ROJA
  364   15:33     -13   ROJA    173     1751    10.12    175     1934    11.05     -183   ROJA
  365   15:34      +7  VERDE    174     1758    10.10    175     1934    11.05     -176   ROJA
  366   15:35      +4  VERDE    175     1762    10.07    175     1934    11.05     -172   ROJA
  367   15:36      +4  VERDE    176     1766    10.03    175     1934    11.05     -168   ROJA
  368   15:37      -5   ROJA    176     1766    10.03    176     1939    11.02     -173   ROJA
  369   15:38      +7  VERDE    177     1773    10.02    176     1939    11.02     -166   ROJA
  370   15:39      -8   ROJA    177     1773    10.02    177     1947    11.00     -174   ROJA
  371   15:40      -5   ROJA    177     1773    10.02    178     1952    10.97     -179   ROJA
  372   15:41     -13   ROJA    177     1773    10.02    179     1965    10.98     -192   ROJA
  373   15:42     -13   ROJA    177     1773    10.02    180     1978    10.99     -205   ROJA
  374   15:43     +11  VERDE    178     1784    10.02    180     1978    10.99     -194   ROJA
  375   15:44     +14  VERDE    179     1798    10.04    180     1978    10.99     -180   ROJA
  376   15:45      -8   ROJA    179     1798    10.04    181     1986    10.97     -188   ROJA
  377   15:46      -4   ROJA    179     1798    10.04    182     1990    10.93     -192   ROJA
  378   15:47     +18  VERDE    180     1816    10.09    182     1990    10.93     -174   ROJA
  379   15:48      +9  VERDE    181     1825    10.08    182     1990    10.93     -165   ROJA
  380   15:49     -11   ROJA    181     1825    10.08    183     2001    10.93     -176   ROJA
  381   15:50     -38   ROJA    181     1825    10.08    184     2039    11.08     -214   ROJA
  382   15:51     -12   ROJA    181     1825    10.08    185     2051    11.09     -226   ROJA
  383   15:52      +4  VERDE    182     1829    10.05    185     2051    11.09     -222   ROJA
  384   15:53      +1  VERDE    183     1830    10.00    185     2051    11.09     -221   ROJA
  385   15:54     -18   ROJA    183     1830    10.00    186     2069    11.12     -239   ROJA
  386   15:55     -19   ROJA    183     1830    10.00    187     2088    11.17     -258   ROJA
  387   15:56     +20  VERDE    184     1850    10.05    187     2088    11.17     -238   ROJA
  388   15:57      +0   DOJI    184     1850    10.05    187     2088    11.17     -238   ROJA
  389   15:58     +14  VERDE    185     1864    10.08    187     2088    11.17     -224   ROJA
  390   15:59     +12  VERDE    186     1876    10.09    187     2088    11.17     -212   ROJA

  RESUMEN 2026-08-12
    verdes :  186 velas,   1876 centavos, cuerpo medio  10.09
    rojas  :  187 velas,   2088 centavos, cuerpo medio  11.17
    dojis  :   17
    dif final (ver-roj) = -212 centavos (-2.12 puntos)
    COMPROBACION CRUZADA: suma directa de cuerpos = -212  ->  CUADRA
    el dominio cambia de manos 0 veces en el dia

========================================================================================================
=== 2026-08-13 ===   62 velas
========================================================================================================
 vela    hora  cuerpo  color  n_ver  sum_ver  med_ver  n_roj  sum_roj  med_roj      dif    dom
    1   09:30     -53   ROJA      0        0     0.00      1       53    53.00      -53   ROJA
    2   09:31     +15  VERDE      1       15    15.00      1       53    53.00      -38   ROJA
    3   09:32     +25  VERDE      2       40    20.00      1       53    53.00      -13   ROJA
    4   09:33     +33  VERDE      3       73    24.33      1       53    53.00      +20  VERDE
    5   09:34     +38  VERDE      4      111    27.75      1       53    53.00      +58  VERDE
    6   09:35     +32  VERDE      5      143    28.60      1       53    53.00      +90  VERDE
    7   09:36     +38  VERDE      6      181    30.17      1       53    53.00     +128  VERDE
    8   09:37      +9  VERDE      7      190    27.14      1       53    53.00     +137  VERDE
    9   09:38      -3   ROJA      7      190    27.14      2       56    28.00     +134  VERDE
   10   09:39     +30  VERDE      8      220    27.50      2       56    28.00     +164  VERDE
   11   09:40     -19   ROJA      8      220    27.50      3       75    25.00     +145  VERDE
   12   09:41     -13   ROJA      8      220    27.50      4       88    22.00     +132  VERDE
   13   09:42      +1  VERDE      9      221    24.56      4       88    22.00     +133  VERDE
   14   09:43     -39   ROJA      9      221    24.56      5      127    25.40      +94  VERDE
   15   09:44      -4   ROJA      9      221    24.56      6      131    21.83      +90  VERDE
   16   09:45     +50  VERDE     10      271    27.10      6      131    21.83     +140  VERDE
   17   09:46     +40  VERDE     11      311    28.27      6      131    21.83     +180  VERDE
   18   09:47     +24  VERDE     12      335    27.92      6      131    21.83     +204  VERDE
   19   09:48      -5   ROJA     12      335    27.92      7      136    19.43     +199  VERDE
   20   09:49      +6  VERDE     13      341    26.23      7      136    19.43     +205  VERDE
   21   09:50      +4  VERDE     14      345    24.64      7      136    19.43     +209  VERDE
   22   09:51     +16  VERDE     15      361    24.07      7      136    19.43     +225  VERDE
   23   09:52      -5   ROJA     15      361    24.07      8      141    17.62     +220  VERDE
   24   09:53      -7   ROJA     15      361    24.07      9      148    16.44     +213  VERDE
   25   09:54     +27  VERDE     16      388    24.25      9      148    16.44     +240  VERDE
   26   09:55     -11   ROJA     16      388    24.25     10      159    15.90     +229  VERDE
   27   09:56     +34  VERDE     17      422    24.82     10      159    15.90     +263  VERDE
   28   09:57      +5  VERDE     18      427    23.72     10      159    15.90     +268  VERDE
   29   09:58     +25  VERDE     19      452    23.79     10      159    15.90     +293  VERDE
   30   09:59      -3   ROJA     19      452    23.79     11      162    14.73     +290  VERDE
   31   10:00     +37  VERDE     20      489    24.45     11      162    14.73     +327  VERDE
   32   10:01      +5  VERDE     21      494    23.52     11      162    14.73     +332  VERDE
   33   10:02     +26  VERDE     22      520    23.64     11      162    14.73     +358  VERDE
   34   10:03     -22   ROJA     22      520    23.64     12      184    15.33     +336  VERDE
   35   10:04     +21  VERDE     23      541    23.52     12      184    15.33     +357  VERDE
   36   10:05      +0   DOJI     23      541    23.52     12      184    15.33     +357  VERDE
   37   10:06     -10   ROJA     23      541    23.52     13      194    14.92     +347  VERDE
   38   10:07      -5   ROJA     23      541    23.52     14      199    14.21     +342  VERDE
   39   10:08      +0   DOJI     23      541    23.52     14      199    14.21     +342  VERDE
   40   10:09      +6  VERDE     24      547    22.79     14      199    14.21     +348  VERDE
   41   10:10      +4  VERDE     25      551    22.04     14      199    14.21     +352  VERDE
   42   10:11     +28  VERDE     26      579    22.27     14      199    14.21     +380  VERDE
   43   10:12      +0   DOJI     26      579    22.27     14      199    14.21     +380  VERDE
   44   10:13      -1   ROJA     26      579    22.27     15      200    13.33     +379  VERDE
   45   10:14      +4  VERDE     27      583    21.59     15      200    13.33     +383  VERDE
   46   10:15      -8   ROJA     27      583    21.59     16      208    13.00     +375  VERDE
   47   10:16     -19   ROJA     27      583    21.59     17      227    13.35     +356  VERDE
   48   10:17     +10  VERDE     28      593    21.18     17      227    13.35     +366  VERDE
   49   10:18     +22  VERDE     29      615    21.21     17      227    13.35     +388  VERDE
   50   10:19      -5   ROJA     29      615    21.21     18      232    12.89     +383  VERDE
   51   10:20      +1  VERDE     30      616    20.53     18      232    12.89     +384  VERDE
   52   10:21     +26  VERDE     31      642    20.71     18      232    12.89     +410  VERDE
   53   10:22     +11  VERDE     32      653    20.41     18      232    12.89     +421  VERDE
   54   10:23     +14  VERDE     33      667    20.21     18      232    12.89     +435  VERDE
   55   10:24      -7   ROJA     33      667    20.21     19      239    12.58     +428  VERDE
   56   10:25      +9  VERDE     34      676    19.88     19      239    12.58     +437  VERDE
   57   10:26     -10   ROJA     34      676    19.88     20      249    12.45     +427  VERDE
   58   10:27      -2   ROJA     34      676    19.88     21      251    11.95     +425  VERDE
   59   10:28     +21  VERDE     35      697    19.91     21      251    11.95     +446  VERDE
   60   10:29      -4   ROJA     35      697    19.91     22      255    11.59     +442  VERDE
   61   10:30     -20   ROJA     35      697    19.91     23      275    11.96     +422  VERDE
   62   10:31      +3  VERDE     36      700    19.44     23      275    11.96     +425  VERDE

  RESUMEN 2026-08-13
    verdes :   36 velas,    700 centavos, cuerpo medio  19.44
    rojas  :   23 velas,    275 centavos, cuerpo medio  11.96
    dojis  :    3
    dif final (ver-roj) = +425 centavos (+4.25 puntos)
    COMPROBACION CRUZADA: suma directa de cuerpos = +425  ->  CUADRA
    el dominio cambia de manos 1 veces en el dia
       hora  pasa a      dif
      09:33   VERDE      +20

