FLUJO LIMPIO  -  2026-08-12: ¿desaparecen los saltos al quitar lo que no es flujo?
============================================================================================================
La regla del tick se aplica SOLO sobre las operaciones que quedan en cada version.

                 version       ops      acciones   mayor op     |salto| max      acum final
    1 TODO (como estaba)   380,778    22,409,924    398,979     302,512,684    -496,915,398
          2 sin odd lots   164,067    20,356,879    398,979     303,813,708    -322,409,267
      3 sin odd ni FINRA   111,506    11,854,269    300,000     229,369,093    -288,723,931
  4 solo regular publico   111,500    11,186,149    138,472     108,760,447       5,567,301

EL MINUTO QUE NO CUADRABA (11:22) EN CADA VERSION
------------------------------------------------------------------------------------------------------------
                 version    neto del minuto     acum hasta ahi
    1 TODO (como estaba)        302,512,684        274,465,629
          2 sin odd lots        303,813,708        430,696,173
      3 sin odd ni FINRA         -1,081,340        160,619,869
  4 solo regular publico         -1,081,340        122,742,218

ACUMULADO MINUTO A MINUTO, 11:18 a 11:42  (la zona que señalaste)
------------------------------------------------------------------------------------------------------------
   hora       spy                1                2                3                4
  11:18    772.01      -30,570,984      123,459,742      156,575,680      118,698,028
  11:19    772.10      -29,602,697      122,624,626      158,709,772      120,832,120
  11:20    772.06      -27,380,986      126,306,317      160,490,458      122,612,806
  11:21    772.11      -28,047,056      126,882,465      161,701,209      123,823,557
  11:22    771.89      274,465,629      430,696,173      160,619,869      122,742,218
  11:23    771.89      267,524,937      426,952,963      159,412,044      121,534,392
  11:24    771.91      263,656,115      421,086,309      158,615,606      120,737,954
  11:25    771.94      264,505,516      421,044,083      160,178,124      122,300,472
  11:26    771.98      257,152,362      423,194,781      158,742,453      120,864,802
  11:27    771.96      254,953,265      423,475,905      158,935,505      121,057,853
  11:28    772.15      255,154,822      425,781,871      161,461,140      123,583,488
  11:29    772.37      257,979,032      431,616,933      166,923,954      129,046,302
  11:30    772.33      245,771,899      423,315,882      161,410,284      123,532,632
  11:31    772.15      246,689,676      424,335,380      160,359,119      122,481,467
  11:32    772.00      241,907,927      420,832,528      159,060,460      121,182,808
  11:33    771.77      232,197,867      413,880,643      158,173,827      120,296,176
  11:34    771.90      225,216,119      411,147,491      157,764,010      119,886,358
  11:35    771.93      224,381,338      413,678,467      161,794,856      123,917,204
  11:36    772.13      228,762,013      420,332,638      165,737,733      127,860,082
  11:37    771.95      228,884,717      418,813,328      165,416,627      127,538,975
  11:38    771.97      227,585,440      420,628,374      167,447,906      129,570,254
  11:39    771.69      222,591,584      417,159,860      163,243,431      125,365,779
  11:40    771.59      222,006,841      419,080,722      163,763,674      125,886,022
  11:41    771.84       -9,092,289      190,153,726      -65,605,419      128,002,930
  11:42    771.80       43,019,986      242,023,644      -19,732,227      129,836,920

¿MEJORA LA PREDICCION DE AMPLITUD?  P(mover >=0.50 en 30 min)
------------------------------------------------------------------------------------------------------------
                 version        mediana   calma <2x      >=3x      >=5x
    1 TODO (como estaba)      3,889,963       23%       35%       30%
          2 sin odd lots      3,726,743       23%       40%       33%
      3 sin odd ni FINRA      2,172,160       22%       45%       50%
  4 solo regular publico      2,113,439       23%       40%       43%
