CONTADOR EN DOLARES: cada minuto se suma |  |CALL| - |PUT|  | al lado que gana ese minuto.
ACUM UP  = suma de todas las diferencias de los minutos UP.
ACUM DOWN= suma de todas las diferencias de los minutos DOWN.
!! = minuto con re-centrado de strike (GAP D): la diferencia de ese minuto no es fiable.

========================================================================================================
2026-08-10   323 minutos
========================================================================================================
   min      SPY      |CALL|       |PUT|      |C|-|P|  sen        ACUM UP      ACUM DOWN        UP-DOWN
 09:55     773.07       75435      244613      -169178 DOWN              0         169178        -169178
 09:56     773.16      121023      249698      -128675 DOWN              0         297853        -297853
 09:57     773.35      150956      154948        -3992 DOWN              0         301845        -301845
 09:58     773.41       78713      165401       -86688 DOWN              0         388533        -388533
 09:59     773.47       55047      100764       -45717 DOWN              0         434250        -434250
 10:01     773.73       68571       13841       +54730   UP          54730         434250        -379520
 10:02     773.71      139767       22997      +116770   UP         171500         434250        -262750
 10:03     773.59      166329       35186      +131143   UP         302643         434250        -131607
 10:04     773.72      264900       37208      +227692   UP         530335         434250         +96085
 10:05     773.68      215885        9747      +206138   UP         736473         434250        +302223
 10:06     773.76       83177       29948       +53229   UP         789702         434250        +355452
 10:08     773.83      447539      101446      +346093   UP        1135795         434250        +701545
 10:09     774.03      146894      100224       +46670   UP        1182465         434250        +748215
 10:10     774.15      113030      207455       -94425 DOWN        1182465         528675        +653790
 10:11     773.94      253287      282772       -29485 DOWN        1182465         558160        +624305
 10:12     774.13      334040      536410      -202370 DOWN        1182465         760530        +421935
 10:13     774.21      294113      499074      -204961 DOWN        1182465         965491        +216974
 10:14     774.22      317211      443336      -126125 DOWN        1182465        1091616         +90849
 10:15     774.20      453640      453702          -62 DOWN        1182465        1091678         +90787
 10:16     774.22      482208      458470       +23738   UP        1206203        1091678        +114525
 10:17     774.12      453122      245117      +208005   UP        1414208        1091678        +322530
 10:18     774.08      264687      105340      +159347   UP        1573555        1091678        +481877
 10:19     774.29      295853      147124      +148729   UP        1722284        1091678        +630606
 10:20     774.31      170435      148986       +21449   UP        1743733        1091678        +652055
 10:21     774.31      187791      191549        -3758 DOWN        1743733        1095436        +648297
 10:22     774.12      163535      346050      -182515 DOWN        1743733        1277951        +465782
 10:23     774.03       91295       31167       +60128   UP        1803861        1277951        +525910
 10:24     773.97       63005      224486      -161481 DOWN        1803861        1439432        +364429
 10:25     774.22       19797      395825      -376028 DOWN        1803861        1815460         -11599
 10:26     774.15       57944      459113      -401169 DOWN        1803861        2216629        -412768
 10:27     774.19       64565      504447      -439882 DOWN        1803861        2656511        -852650
 10:28     774.27       54753      537023      -482270 DOWN        1803861        3138781       -1334920
 10:29     774.36       92301       97500        -5199 DOWN        1803861        3143980       -1340119
 10:30     774.47       34993       72590       -37597 DOWN        1803861        3181577       -1377716
 10:31     774.61       96276      132128       -35852 DOWN        1803861        3217429       -1413568
 10:32     774.62      155358      159682        -4324 DOWN        1803861        3221753       -1417892
 10:33     774.48      153145      158693        -5548 DOWN        1803861        3227301       -1423440
 10:34     774.36        4170        7737        -3567 DOWN        1803861        3230868       -1427007
 10:35     774.50       91249       30144       +61105   UP        1864966        3230868       -1365902
 10:36     774.45        4998       55767       -50769 DOWN        1864966        3281637       -1416671
 10:37     774.61       47317       66793       -19476 DOWN        1864966        3301113       -1436147
 10:38     774.35       89810      192449      -102639 DOWN        1864966        3403752       -1538786
 10:39     774.34       51633      141572       -89939 DOWN        1864966        3493691       -1628725
 10:40     774.45       38672      149439      -110767 DOWN        1864966        3604458       -1739492
 10:41     774.43       46896      178285      -131389 DOWN        1864966        3735847       -1870881
 10:42     774.61      164243       44065      +120178   UP        1985144        3735847       -1750703
 10:43     774.60      122691       44075       +78616   UP        2063760        3735847       -1672087
 10:44     774.60      130078      176738       -46660 DOWN        2063760        3782507       -1718747
 10:45     774.94      101003      150224       -49221 DOWN        2063760        3831728       -1767968
 10:46     774.88      228080       77063      +151017   UP        2214777        3831728       -1616951
 10:47     774.97       45292       45471         -179 DOWN        2214777        3831907       -1617130
 10:48     774.93      297976      122768      +175208   UP        2389985        3831907       -1441922
 10:50     774.83       26407      196988      -170581 DOWN        2389985        4002488       -1612503
 10:51     774.60       13471      416677      -403206 DOWN        2389985        4405694       -2015709
 10:52     774.32      190707      298112      -107405 DOWN        2389985        4513099       -2123114
 10:54     773.88        7432      445714      -438282 DOWN        2389985        4951381       -2561396
 10:55     773.88        3279      428436      -425157 DOWN        2389985        5376538       -2986553
 10:56!!   773.98       27930      459872      -431942 DOWN        2389985        5808480       -3418495
 10:57!!   773.89      100321      410114      -309793 DOWN        2389985        6118273       -3728288
 10:58     773.83      175713      351078      -175365 DOWN        2389985        6293638       -3903653
 10:59     773.51      301471      348207       -46736 DOWN        2389985        6340374       -3950389
 11:00     773.33      308347      558834      -250487 DOWN        2389985        6590861       -4200876
 11:01     773.72      324809      493858      -169049 DOWN        2389985        6759910       -4369925
 11:02     773.68      320557      477146      -156589 DOWN        2389985        6916499       -4526514
 11:03     773.83       30051       29173         +878   UP        2390863        6916499       -4525636
 11:04     773.71      194819       44782      +150037   UP        2540900        6916499       -4375599
 11:05     773.92      164063        5214      +158849   UP        2699749        6916499       -4216750
 11:06     773.88      120364       53041       +67323   UP        2767072        6916499       -4149427
 11:07!!   773.94      240236       73020      +167216   UP        2934288        6916499       -3982211
 11:08     773.75      300967      140295      +160672   UP        3094960        6916499       -3821539
 11:09     773.58      311486      134591      +176895   UP        3271855        6916499       -3644644
 11:10     773.63      266073      125150      +140923   UP        3412778        6916499       -3503721
 11:11     773.67      240740      182241       +58499   UP        3471277        6916499       -3445222
 11:12     773.53      224717      183243       +41474   UP        3512751        6916499       -3403748
 11:13     773.78      283899      131956      +151943   UP        3664694        6916499       -3251805
 11:14     773.82      287099      159162      +127937   UP        3792631        6916499       -3123868
 11:15!!   774.13     2048999      170253     +1878746   UP        5671377        6916499       -1245122
 11:16     773.95     1750562       85510     +1665052   UP        7336429        6916499        +419930
 11:17!!   773.91     1746637      101473     +1645164   UP        8981593        6916499       +2065094
 11:18     773.86     1718638      114949     +1603689   UP       10585282        6916499       +3668783
 11:19     773.92     1736461      114956     +1621505   UP       12206787        6916499       +5290288
 11:20!!   774.01      659408      211886      +447522   UP       12654309        6916499       +5737810
 11:21!!   773.98      671279      246032      +425247   UP       13079556        6916499       +6163057
 11:22     773.90      660173      153326      +506847   UP       13586403        6916499       +6669904
 11:23!!   773.99      379543      647694      -268151 DOWN       13586403        7184650       +6401753
 11:24!!   773.92      374013      632203      -258190 DOWN       13586403        7442840       +6143563
 11:25     773.55      395380      625926      -230546 DOWN       13586403        7673386       +5913017
 11:26     773.54      434875      498510       -63635 DOWN       13586403        7737021       +5849382
 11:27     773.72      407139      551646      -144507 DOWN       13586403        7881528       +5704875
 11:28     773.72      414276      562398      -148122 DOWN       13586403        8029650       +5556753
 11:29     773.74      481593      548607       -67014 DOWN       13586403        8096664       +5489739
 11:30     773.77      429873      524603       -94730 DOWN       13586403        8191394       +5395009
 11:31     773.62      420969      574231      -153262 DOWN       13586403        8344656       +5241747
 11:32     773.59      493755      636047      -142292 DOWN       13586403        8486948       +5099455
 11:33     773.54      483615      608768      -125153 DOWN       13586403        8612101       +4974302
 11:34     773.39      472307      597283      -124976 DOWN       13586403        8737077       +4849326
 11:35     773.47      357907      618306      -260399 DOWN       13586403        8997476       +4588927
 11:36     773.27      324617      550739      -226122 DOWN       13586403        9223598       +4362805
 11:37     773.34      379688      598713      -219025 DOWN       13586403        9442623       +4143780
 11:38     773.35      392588      572537      -179949 DOWN       13586403        9622572       +3963831
 11:39     773.28      367718      594795      -227077 DOWN       13586403        9849649       +3736754
 11:40     773.50      353574      609106      -255532 DOWN       13586403       10105181       +3481222
 11:41     773.57      295581      601231      -305650 DOWN       13586403       10410831       +3175572
 11:42     773.44      278246      651100      -372854 DOWN       13586403       10783685       +2802718
 11:43     773.63      266446      655101      -388655 DOWN       13586403       11172340       +2414063
 11:44     773.79      276545      644749      -368204 DOWN       13586403       11540544       +2045859
 11:45     773.78      247008      651033      -404025 DOWN       13586403       11944569       +1641834
 11:46     773.63      238039      675778      -437739 DOWN       13586403       12382308       +1204095
 11:47     773.59      265071      677133      -412062 DOWN       13586403       12794370        +792033
 11:48     773.57      234932      754519      -519587 DOWN       13586403       13313957        +272446
 11:49     773.55      229294      619034      -389740 DOWN       13586403       13703697        -117294
 11:50     773.72        5830       30034       -24204 DOWN       13586403       13727901        -141498
 11:51     774.00       94497      103666        -9169 DOWN       13586403       13737070        -150667
 11:52!!   774.12      143958      137372        +6586   UP       13592989       13737070        -144081
 11:53     774.17      248040       59997      +188043   UP       13781032       13737070         +43962
 11:54     774.21       97066       61425       +35641   UP       13816673       13737070         +79603
 11:55     774.13      206825       20756      +186069   UP       14002742       13737070        +265672
 11:56     774.16      122819       28261       +94558   UP       14097300       13737070        +360230
 11:57     774.28       57104       14106       +42998   UP       14140298       13737070        +403228
 11:58     774.33       35876        5742       +30134   UP       14170432       13737070        +433362
 11:59     774.31       44438       18852       +25586   UP       14196018       13737070        +458948
 12:00     774.37       71266        9132       +62134   UP       14258152       13737070        +521082
 12:01     774.25       75697       25856       +49841   UP       14307993       13737070        +570923
 12:02     774.25       89587       40268       +49319   UP       14357312       13737070        +620242
 12:03     774.18      384734       41005      +343729   UP       14701041       13737070        +963971
 12:04     774.17      389501       73745      +315756   UP       15016797       13737070       +1279727
 12:05     774.08      415290       55492      +359798   UP       15376595       13737070       +1639525
 12:06     774.00      359773      292560       +67213   UP       15443808       13737070       +1706738
 12:07     774.06      437611      294211      +143400   UP       15587208       13737070       +1850138
 12:08!!   773.91      419928      310424      +109504   UP       15696712       13737070       +1959642
 12:10!!   773.99      440755      242784      +197971   UP       15894683       13737070       +2157613
 12:11!!   773.96      408273      207979      +200294   UP       16094977       13737070       +2357907
 12:12     773.84      400104      280251      +119853   UP       16214830       13737070       +2477760
 12:13     773.92      407838       86729      +321109   UP       16535939       13737070       +2798869
 12:14     773.78      396792       26931      +369861   UP       16905800       13737070       +3168730
 12:15     773.52      420302        2547      +417755   UP       17323555       13737070       +3586485
 12:16     773.70      417194      144139      +273055   UP       17596610       13737070       +3859540
 12:17     773.66      295300      211841       +83459   UP       17680069       13737070       +3942999
 12:18     773.67      280730      235202       +45528   UP       17725597       13737070       +3988527
 12:19     773.69      289767      253734       +36033   UP       17761630       13737070       +4024560
 12:20     773.74      308113      626624      -318511 DOWN       17761630       14055581       +3706049
 12:21     773.52      332797      642182      -309385 DOWN       17761630       14364966       +3396664
 12:22     773.59      369375      682412      -313037 DOWN       17761630       14678003       +3083627
 12:23     773.68      342364      795030      -452666 DOWN       17761630       15130669       +2630961
 12:24     773.76      346735      862562      -515827 DOWN       17761630       15646496       +2115134
 12:25     773.80      329541      855403      -525862 DOWN       17761630       16172358       +1589272
 12:26     773.56      370298     1136492      -766194 DOWN       17761630       16938552        +823078
 12:27     773.42      383870      845281      -461411 DOWN       17761630       17399963        +361667
 12:28     773.53      433098      918057      -484959 DOWN       17761630       17884922        -123292
 12:29     773.37      414473      960752      -546279 DOWN       17761630       18431201        -669571
 12:30     773.33      415579      949537      -533958 DOWN       17761630       18965159       -1203529
 12:31     772.64      373040     1156081      -783041 DOWN       17761630       19748200       -1986570
 12:32!!   772.91      383913     1948626     -1564713 DOWN       17761630       21312913       -3551283
 12:33     772.79      396347     1859659     -1463312 DOWN       17761630       22776225       -5014595
 12:34     772.68      373738     1792377     -1418639 DOWN       17761630       24194864       -6433234
 12:35     772.89      364027     1995599     -1631572 DOWN       17761630       25826436       -8064806
 12:36!!   772.88      739295     1704187      -964892 DOWN       17761630       26791328       -9029698
 12:37     772.74      727105     1534939      -807834 DOWN       17761630       27599162       -9837532
 12:38     772.61      650253     1382378      -732125 DOWN       17761630       28331287      -10569657
 12:39     772.57      634383     1398961      -764578 DOWN       17761630       29095865      -11334235
 12:40     772.58      638780     1390442      -751662 DOWN       17761630       29847527      -12085897
 12:41     772.33      687524     1103548      -416024 DOWN       17761630       30263551      -12501921
 12:42     772.30      694870     1278840      -583970 DOWN       17761630       30847521      -13085891
 12:43     772.09      690965     1331613      -640648 DOWN       17761630       31488169      -13726539
 12:44!!   772.16      636522     1485624      -849102 DOWN       17761630       32337271      -14575641
 12:45!!   772.10      814550     1376246      -561696 DOWN       17761630       32898967      -15137337
 12:46     772.38      860227     1443265      -583038 DOWN       17761630       33482005      -15720375
 12:47     772.46      858494     1441437      -582943 DOWN       17761630       34064948      -16303318
 12:48     772.42      867175     1468960      -601785 DOWN       17761630       34666733      -16905103
 12:49     772.61      965669     1518052      -552383 DOWN       17761630       35219116      -17457486
 12:50     772.46      983574     1560970      -577396 DOWN       17761630       35796512      -18034882
 12:51     772.39      995308     1562400      -567092 DOWN       17761630       36363604      -18601974
 12:52     772.42      993874     1545480      -551606 DOWN       17761630       36915210      -19153580
 12:53     772.32     1011801     1559075      -547274 DOWN       17761630       37462484      -19700854
 12:54     772.53     1034033     1572542      -538509 DOWN       17761630       38000993      -20239363
 12:55     772.62     1107817     1546450      -438633 DOWN       17761630       38439626      -20677996
 12:56     772.74     1085060     1556725      -471665 DOWN       17761630       38911291      -21149661
 12:57     772.77     1138942     1535857      -396915 DOWN       17761630       39308206      -21546576
 12:58     772.76     1225548     1562933      -337385 DOWN       17761630       39645591      -21883961
 12:59     772.95     1118218     1579637      -461419 DOWN       17761630       40107010      -22345380
 13:00     772.97     1165610     1654130      -488520 DOWN       17761630       40595530      -22833900
 13:01!!   772.74     4489782     1140573     +3349209   UP       21110839       40595530      -19484691
 13:02     772.75     4494666     1143819     +3350847   UP       24461686       40595530      -16133844
 13:03     772.53     4549383     1077451     +3471932   UP       27933618       40595530      -12661912
 13:04     772.68     4643239     1130536     +3512703   UP       31446321       40595530       -9149209
 13:05     772.61     4651630     1117846     +3533784   UP       34980105       40595530       -5615425
 13:06     772.64     4600914     1115534     +3485380   UP       38465485       40595530       -2130045
 13:07     772.82     4559066     1129235     +3429831   UP       41895316       40595530       +1299786
 13:08!!   772.94     5598542     1093341     +4505201   UP       46400517       40595530       +5804987
 13:09!!   773.09     5546159      711518     +4834641   UP       51235158       40595530      +10639628
 13:10     773.02     5447617      702656     +4744961   UP       55980119       40595530      +15384589
 13:11!!   772.98     5410822      523983     +4886839   UP       60866958       40595530      +20271428
 13:12     772.95     5401976      524232     +4877744   UP       65744702       40595530      +25149172
 13:13!!   773.07     5184203      437210     +4746993   UP       70491695       40595530      +29896165
 13:14     773.11     5080982      441013     +4639969   UP       75131664       40595530      +34536134
 13:15     773.19     5095280      445808     +4649472   UP       79781136       40595530      +39185606
 13:16     773.20     5124211      458874     +4665337   UP       84446473       40595530      +43850943
 13:17     773.25     5366079      447603     +4918476   UP       89364949       40595530      +48769419
 13:18     773.01     5338618      445170     +4893448   UP       94258397       40595530      +53662867
 13:19     773.14     5346054      471354     +4874700   UP       99133097       40595530      +58537567
 13:20     773.15     5361963      457135     +4904828   UP      104037925       40595530      +63442395
 13:21     773.02     5367921      469258     +4898663   UP      108936588       40595530      +68341058
 13:22     773.11     5369025      458971     +4910054   UP      113846642       40595530      +73251112
 13:23     773.10     5357767      455376     +4902391   UP      118749033       40595530      +78153503
 13:24     773.15     5342982      460410     +4882572   UP      123631605       40595530      +83036075
 14:00     772.83     5656287      215793     +5440494   UP      129072099       40595530      +88476569
 14:01     772.68     5638407      229915     +5408492   UP      134480591       40595530      +93885061
 14:02     772.72     5644505      239965     +5404540   UP      139885131       40595530      +99289601
 14:03     772.75     5661076      254756     +5406320   UP      145291451       40595530     +104695921
 14:04     772.74     5672332      262935     +5409397   UP      150700848       40595530     +110105318
 14:05     772.78     5662032      265150     +5396882   UP      156097730       40595530     +115502200
 14:06     772.82     5666986      252499     +5414487   UP      161512217       40595530     +120916687
 14:07     772.82     5699797      267905     +5431892   UP      166944109       40595530     +126348579
 14:08!!   772.97     5872097      306364     +5565733   UP      172509842       40595530     +131914312
 14:09     772.94     5898937      305429     +5593508   UP      178103350       40595530     +137507820
 14:10!!   773.02     6201267      300163     +5901104   UP      184004454       40595530     +143408924
 14:11!!   772.97     6187348      524351     +5662997   UP      189667451       40595530     +149071921
 14:12     772.84     6158265      509520     +5648745   UP      195316196       40595530     +154720666
 14:13     772.76     6131019      475086     +5655933   UP      200972129       40595530     +160376599
 14:14     772.68     6081529      560951     +5520578   UP      206492707       40595530     +165897177
 14:15     772.66     6082618      602088     +5480530   UP      211973237       40595530     +171377707
 14:16     772.72     6093988      552138     +5541850   UP      217515087       40595530     +176919557
 14:17     772.71     6104786      581395     +5523391   UP      223038478       40595530     +182442948
 14:18     772.58     6096835      623265     +5473570   UP      228512048       40595530     +187916518
 14:19     772.56     6099666      807292     +5292374   UP      233804422       40595530     +193208892
 14:20     772.55     6105342      771442     +5333900   UP      239138322       40595530     +198542792
 14:21     772.64     6122138      830859     +5291279   UP      244429601       40595530     +203834071
 14:22     772.65     6159314      883925     +5275389   UP      249704990       40595530     +209109460
 14:23     772.62     6181566      861569     +5319997   UP      255024987       40595530     +214429457
 14:24     772.55     6203764      819037     +5384727   UP      260409714       40595530     +219814184
 14:25     772.66     6208631      823106     +5385525   UP      265795239       40595530     +225199709
 14:26     772.58     6236182      808091     +5428091   UP      271223330       40595530     +230627800
 14:27     772.59     6258977      794622     +5464355   UP      276687685       40595530     +236092155
 14:28     772.60     6221378      790205     +5431173   UP      282118858       40595530     +241523328
 14:29     772.53     6214813      707460     +5507353   UP      287626211       40595530     +247030681
 14:30     772.45     6203441      709786     +5493655   UP      293119866       40595530     +252524336
 14:31     772.58     6169581      741499     +5428082   UP      298547948       40595530     +257952418
 14:32     772.63     6205717      767019     +5438698   UP      303986646       40595530     +263391116
 14:33     772.59     6212607      738288     +5474319   UP      309460965       40595530     +268865435
 14:34     772.55     6162471      791725     +5370746   UP      314831711       40595530     +274236181
 14:35     772.61     6138247      861346     +5276901   UP      320108612       40595530     +279513082
 14:36     772.49     6108470      899297     +5209173   UP      325317785       40595530     +284722255
 14:37     772.36     6111716      947456     +5164260   UP      330482045       40595530     +289886515
 14:38     772.43     6131282      910362     +5220920   UP      335702965       40595530     +295107435
 14:39     772.56     6096470      911879     +5184591   UP      340887556       40595530     +300292026
 14:40     772.68     6167743      877647     +5290096   UP      346177652       40595530     +305582122
 14:41     772.79     6199439      951260     +5248179   UP      351425831       40595530     +310830301
 14:42     772.93     6219909      940767     +5279142   UP      356704973       40595530     +316109443
 14:43     772.78     6233735      910297     +5323438   UP      362028411       40595530     +321432881
 14:44     772.88     6276410      906098     +5370312   UP      367398723       40595530     +326803193
 14:45     772.91     6282598      954496     +5328102   UP      372726825       40595530     +332131295
 14:46     772.87     6269069      961055     +5308014   UP      378034839       40595530     +337439309
 14:47     772.90     6269387      965282     +5304105   UP      383338944       40595530     +342743414
 14:48     772.88     6264972      961795     +5303177   UP      388642121       40595530     +348046591
 14:49     772.85     6248741      980506     +5268235   UP      393910356       40595530     +353314826
 14:50     772.95     6258533      978012     +5280521   UP      399190877       40595530     +358595347
 14:51!!   772.93     6224807     1089737     +5135070   UP      404325947       40595530     +363730417
 14:52!!   773.01     6242387      969899     +5272488   UP      409598435       40595530     +369002905
 14:53     773.08     6238697      969213     +5269484   UP      414867919       40595530     +374272389
 14:54     773.11     6176536      970309     +5206227   UP      420074146       40595530     +379478616
 14:55     773.01     6166558      986563     +5179995   UP      425254141       40595530     +384658611
 14:56     773.15     6122437      984722     +5137715   UP      430391856       40595530     +389796326
 14:57     773.28     6041403      970292     +5071111   UP      435462967       40595530     +394867437
 14:58     773.18     6002919      936362     +5066557   UP      440529524       40595530     +399933994
 14:59     773.19     6001246      947170     +5054076   UP      445583600       40595530     +404988070
 15:00     773.07     6013352      953862     +5059490   UP      450643090       40595530     +410047560
 15:01     773.13     5994166      961081     +5033085   UP      455676175       40595530     +415080645
 15:02     773.18     6008734      959853     +5048881   UP      460725056       40595530     +420129526
 15:03     773.29     6007298      957154     +5050144   UP      465775200       40595530     +425179670
 15:04     773.19     6009941      952055     +5057886   UP      470833086       40595530     +430237556
 15:05     773.19     6001614      938227     +5063387   UP      475896473       40595530     +435300943
 15:06     773.25     6041532      961985     +5079547   UP      480976020       40595530     +440380490
 15:07     773.30     6037395      943854     +5093541   UP      486069561       40595530     +445474031
 15:08     773.38     6046865      955452     +5091413   UP      491160974       40595530     +450565444
 15:09     773.39     6067862      947036     +5120826   UP      496281800       40595530     +455686270
 15:10     773.32     6013823      977991     +5035832   UP      501317632       40595530     +460722102
 15:11     773.28     5959582      978461     +4981121   UP      506298753       40595530     +465703223
 15:12     773.30     6065101      974719     +5090382   UP      511389135       40595530     +470793605
 15:13     773.34     6067515      962530     +5104985   UP      516494120       40595530     +475898590
 15:14     773.30     6037344      957017     +5080327   UP      521574447       40595530     +480978917
 15:15     773.30     6020789      958796     +5061993   UP      526636440       40595530     +486040910
 15:16     773.22     5973737      980496     +4993241   UP      531629681       40595530     +491034151
 15:17     773.35     5908859      946928     +4961931   UP      536591612       40595530     +495996082
 15:18     773.38     5926008      938113     +4987895   UP      541579507       40595530     +500983977
 15:19     773.30     5936192      932374     +5003818   UP      546583325       40595530     +505987795
 15:20     773.25     5911262      926173     +4985089   UP      551568414       40595530     +510972884
 15:21     773.27     5990662      909391     +5081271   UP      556649685       40595530     +516054155
 15:22     773.23     6008747      921248     +5087499   UP      561737184       40595530     +521141654
 15:23     773.33     6010235      919806     +5090429   UP      566827613       40595530     +526232083
 15:24     773.37     5979930      972538     +5007392   UP      571835005       40595530     +531239475
 15:25     773.16     5990511     1014200     +4976311   UP      576811316       40595530     +536215786
 15:26     773.15     6049192      980618     +5068574   UP      581879890       40595530     +541284360
 15:27     773.01     6079748      936706     +5143042   UP      587022932       40595530     +546427402
 15:28     772.99     6109974      920846     +5189128   UP      592212060       40595530     +551616530
 15:29!!   772.93     6101185      859511     +5241674   UP      597453734       40595530     +556858204
 15:30     772.88     6118803      807711     +5311092   UP      602764826       40595530     +562169296
 15:31     772.90     6113143      804953     +5308190   UP      608073016       40595530     +567477486
 15:32     772.79     6156618      755252     +5401366   UP      613474382       40595530     +572878852
 15:33     772.82     6151551      704753     +5446798   UP      618921180       40595530     +578325650
 15:34     772.88     6224705      746765     +5477940   UP      624399120       40595530     +583803590
 15:35     772.81     6198139      736601     +5461538   UP      629860658       40595530     +589265128
 15:36     772.95     6208180      697289     +5510891   UP      635371549       40595530     +594776019
 15:37     772.99     6228633      708025     +5520608   UP      640892157       40595530     +600296627
 15:38!!   773.11     7144750       68696     +7076054   UP      647968211       40595530     +607372681
 15:39     773.17     7033165       66586     +6966579   UP      654934790       40595530     +614339260
 15:40     773.09     7011837       67314     +6944523   UP      661879313       40595530     +621283783
 15:41     773.01     6990913       58577     +6932336   UP      668811649       40595530     +628216119
 15:42!!   773.15     6830287      368222     +6462065   UP      675273714       40595530     +634678184
 15:43     773.13     6833388      341359     +6492029   UP      681765743       40595530     +641170213
 15:44     773.09     6819705      337908     +6481797   UP      688247540       40595530     +647652010
 15:45!!   772.93     7091447      775131     +6316316   UP      694563856       40595530     +653968326
 15:46!!   772.94     7031480      775190     +6256290   UP      700820146       40595530     +660224616
 15:47!!   773.06     7029927      736502     +6293425   UP      707113571       40595530     +666518041
 15:48     772.99     7010223      752725     +6257498   UP      713371069       40595530     +672775539
 15:49     773.17     7030345      747001     +6283344   UP      719654413       40595530     +679058883
 15:50!!   772.56     7036525      892057     +6144468   UP      725798881       40595530     +685203351
 15:51     772.47     7034368      869406     +6164962   UP      731963843       40595530     +691368313
 15:52     772.43     7027676      872736     +6154940   UP      738118783       40595530     +697523253
 15:53     772.49     7039736      859769     +6179967   UP      744298750       40595530     +703703220
 15:54     772.38     7040456      840911     +6199545   UP      750498295       40595530     +709902765
 15:55     772.59     7103978      850991     +6252987   UP      756751282       40595530     +716155752
 15:57     772.36     7125900      855673     +6270227   UP      763021509       40595530     +722425979
 15:58     772.71     7121020      862025     +6258995   UP      769280504       40595530     +728684974

FINAL 2026-08-10:  ACUM UP 769,280,504   ACUM DOWN 40,595,530   diferencia +728,684,974

========================================================================================================
2026-08-11   359 minutos
========================================================================================================
   min      SPY      |CALL|       |PUT|      |C|-|P|  sen        ACUM UP      ACUM DOWN        UP-DOWN
 09:55!!   773.06      775891     2603070     -1827179 DOWN              0        1827179       -1827179
 09:56     773.32      692143     2761673     -2069530 DOWN              0        3896709       -3896709
 09:57     773.41      731853     2768945     -2037092 DOWN              0        5933801       -5933801
 09:58     773.31      820417     2755016     -1934599 DOWN              0        7868400       -7868400
 09:59     773.62      851698     2784286     -1932588 DOWN              0        9800988       -9800988
 10:00     774.03      905360     2662434     -1757074 DOWN              0       11558062      -11558062
 10:01!!   773.98      860171     2717324     -1857153 DOWN              0       13415215      -13415215
 10:02!!   773.89      679625     2792339     -2112714 DOWN              0       15527929      -15527929
 10:03     773.90      732378     2853020     -2120642 DOWN              0       17648571      -17648571
 10:04     773.87      763810     2822701     -2058891 DOWN              0       19707462      -19707462
 10:05     773.95      744411     2846415     -2102004 DOWN              0       21809466      -21809466
 10:06     773.85      723045     2773089     -2050044 DOWN              0       23859510      -23859510
 10:07     773.75      906220     2731388     -1825168 DOWN              0       25684678      -25684678
 10:08     773.70      890774     2659418     -1768644 DOWN              0       27453322      -27453322
 10:09     773.79      875126     2644777     -1769651 DOWN              0       29222973      -29222973
 10:10     773.83      930316     2626366     -1696050 DOWN              0       30919023      -30919023
 10:11     773.72      967562     2607475     -1639913 DOWN              0       32558936      -32558936
 10:12     773.70      845518     2625176     -1779658 DOWN              0       34338594      -34338594
 10:13     773.69      803035     2612577     -1809542 DOWN              0       36148136      -36148136
 10:14     773.78      740613     2680767     -1940154 DOWN              0       38088290      -38088290
 10:15     773.88      817114     2599587     -1782473 DOWN              0       39870763      -39870763
 10:16     773.80      847046     2548726     -1701680 DOWN              0       41572443      -41572443
 10:17     773.47      815197     2569634     -1754437 DOWN              0       43326880      -43326880
 10:18     773.55      939504     2592573     -1653069 DOWN              0       44979949      -44979949
 10:19     773.63     1009777     2631360     -1621583 DOWN              0       46601532      -46601532
 10:20     773.80     1110642     2633257     -1522615 DOWN              0       48124147      -48124147
 10:21     773.68     1123218     2634902     -1511684 DOWN              0       49635831      -49635831
 10:22     773.49     1167055     2656983     -1489928 DOWN              0       51125759      -51125759
 10:23     773.56     1203726     2702863     -1499137 DOWN              0       52624896      -52624896
 10:24     773.41     1274853     2714543     -1439690 DOWN              0       54064586      -54064586
 10:25     773.55     1286718     2733526     -1446808 DOWN              0       55511394      -55511394
 10:26     773.52     1369496     2741922     -1372426 DOWN              0       56883820      -56883820
 10:27     773.50     1281637     2756603     -1474966 DOWN              0       58358786      -58358786
 10:28     773.81     1386730     2760650     -1373920 DOWN              0       59732706      -59732706
 10:29     773.87     1347132     2746059     -1398927 DOWN              0       61131633      -61131633
 10:30     773.52     1340979     2648749     -1307770 DOWN              0       62439403      -62439403
 10:31     773.56     1463235     2623632     -1160397 DOWN              0       63599800      -63599800
 10:32     773.57     1444717     2609522     -1164805 DOWN              0       64764605      -64764605
 10:33     773.62     1442907     2619539     -1176632 DOWN              0       65941237      -65941237
 10:34     773.67     1464113     2640862     -1176749 DOWN              0       67117986      -67117986
 10:35     773.70     1386471     2658401     -1271930 DOWN              0       68389916      -68389916
 10:36     773.71     1391822     2682833     -1291011 DOWN              0       69680927      -69680927
 10:37     773.41     1445647     2728533     -1282886 DOWN              0       70963813      -70963813
 10:38     773.35      855693     2587157     -1731464 DOWN              0       72695277      -72695277
 10:39     773.35      824445     2586109     -1761664 DOWN              0       74456941      -74456941
 10:40     773.52      682693     2606716     -1924023 DOWN              0       76380964      -76380964
 10:41     773.58      629794     2605932     -1976138 DOWN              0       78357102      -78357102
 10:42     773.53      591996     2606882     -2014886 DOWN              0       80371988      -80371988
 10:43     773.41      562245     2636999     -2074754 DOWN              0       82446742      -82446742
 10:44     773.37      517283     2631056     -2113773 DOWN              0       84560515      -84560515
 10:45     773.58      532423     2627066     -2094643 DOWN              0       86655158      -86655158
 10:46     773.74      677626     2653103     -1975477 DOWN              0       88630635      -88630635
 10:47     773.77      676852     2606383     -1929531 DOWN              0       90560166      -90560166
 10:48     773.90      526960     2597029     -2070069 DOWN              0       92630235      -92630235
 10:49     773.90      537904     2183669     -1645765 DOWN              0       94276000      -94276000
 10:50     773.53      560871     2132410     -1571539 DOWN              0       95847539      -95847539
 10:51     773.87     1042499     2144494     -1101995 DOWN              0       96949534      -96949534
 10:52!!   773.98      899066     2176098     -1277032 DOWN              0       98226566      -98226566
 10:53!!   773.67      879918     2297978     -1418060 DOWN              0       99644626      -99644626
 10:54     773.89      900583     2283283     -1382700 DOWN              0      101027326     -101027326
 10:55     773.79      934428     2231486     -1297058 DOWN              0      102324384     -102324384
 10:56     773.70     1009797     2249173     -1239376 DOWN              0      103563760     -103563760
 10:57     773.73      983916     2259845     -1275929 DOWN              0      104839689     -104839689
 10:58     773.71      973025     2226260     -1253235 DOWN              0      106092924     -106092924
 10:59     773.62      958794     2282357     -1323563 DOWN              0      107416487     -107416487
 11:00     773.76      946884     2278691     -1331807 DOWN              0      108748294     -108748294
 11:01     773.79      961676     2286250     -1324574 DOWN              0      110072868     -110072868
 11:02     773.53      957287     2256776     -1299489 DOWN              0      111372357     -111372357
 11:03     773.49     1023099     2261871     -1238772 DOWN              0      112611129     -112611129
 11:04     773.50      893883     2532345     -1638462 DOWN              0      114249591     -114249591
 11:05     773.28      901138     2561274     -1660136 DOWN              0      115909727     -115909727
 11:06     773.10     1099087     2732326     -1633239 DOWN              0      117542966     -117542966
 11:07     773.05     1173647     2740918     -1567271 DOWN              0      119110237     -119110237
 11:08!!   772.88     1087147     2900325     -1813178 DOWN              0      120923415     -120923415
 11:09     772.81     1138979     3035220     -1896241 DOWN              0      122819656     -122819656
 11:10     772.80     1141433     3220318     -2078885 DOWN              0      124898541     -124898541
 11:11     772.75     1188580     3121464     -1932884 DOWN              0      126831425     -126831425
 11:12     772.83     1266020     3252420     -1986400 DOWN              0      128817825     -128817825
 11:13     772.61     1295881     3404958     -2109077 DOWN              0      130926902     -130926902
 11:14     772.66     1334953     3400111     -2065158 DOWN              0      132992060     -132992060
 11:15     772.64     1396638     3196039     -1799401 DOWN              0      134791461     -134791461
 11:16     772.53     1388779     3260336     -1871557 DOWN              0      136663018     -136663018
 11:17     772.49     1368379     3159415     -1791036 DOWN              0      138454054     -138454054
 11:18     772.22     1181727     3248410     -2066683 DOWN              0      140520737     -140520737
 11:19     772.45     1202758     3215913     -2013155 DOWN              0      142533892     -142533892
 11:20     772.54     1828456     3285621     -1457165 DOWN              0      143991057     -143991057
 11:21     772.78     1762592     3384207     -1621615 DOWN              0      145612672     -145612672
 11:22     772.75     1660138     3411022     -1750884 DOWN              0      147363556     -147363556
 11:23     772.64     1682866     3420520     -1737654 DOWN              0      149101210     -149101210
 11:24     772.51     1532779     3470392     -1937613 DOWN              0      151038823     -151038823
 11:25     772.62     1533549     3570997     -2037448 DOWN              0      153076271     -153076271
 11:26     772.62     1566911     3564948     -1998037 DOWN              0      155074308     -155074308
 11:27     772.46     1568085     3582758     -2014673 DOWN              0      157088981     -157088981
 11:28     772.42     1567351     3524893     -1957542 DOWN              0      159046523     -159046523
 11:29     772.40     1578745     3503472     -1924727 DOWN              0      160971250     -160971250
 11:30     772.51     1586546     3476365     -1889819 DOWN              0      162861069     -162861069
 11:31     772.36     1587589     3551865     -1964276 DOWN              0      164825345     -164825345
 11:32     772.46     1541374     3664106     -2122732 DOWN              0      166948077     -166948077
 11:33     772.37     1607265     3685336     -2078071 DOWN              0      169026148     -169026148
 11:34!!   771.95     1591631     3633208     -2041577 DOWN              0      171067725     -171067725
 11:35!!   772.01     1806530     3852972     -2046442 DOWN              0      173114167     -173114167
 11:36!!   772.05     1816043     3862473     -2046430 DOWN              0      175160597     -175160597
 11:37!!   771.99     1996214     3526431     -1530217 DOWN              0      176690814     -176690814
 11:38     771.99     1958118     3487970     -1529852 DOWN              0      178220666     -178220666
 11:39!!   771.86     1703765     3503061     -1799296 DOWN              0      180019962     -180019962
 11:40     771.99     1726636     3450691     -1724055 DOWN              0      181744017     -181744017
 11:41     771.98     1690590     3423897     -1733307 DOWN              0      183477324     -183477324
 11:42!!   772.11     1057266     2912084     -1854818 DOWN              0      185332142     -185332142
 11:43     772.18      958661     2921733     -1963072 DOWN              0      187295214     -187295214
 11:44     772.18      937110     2919397     -1982287 DOWN              0      189277501     -189277501
 11:45     772.09      950335     2938586     -1988251 DOWN              0      191265752     -191265752
 11:46     771.98      941409     2960939     -2019530 DOWN              0      193285282     -193285282
 11:47!!   771.91      739751     2034785     -1295034 DOWN              0      194580316     -194580316
 11:48     772.00      744462     2035776     -1291314 DOWN              0      195871630     -195871630
 11:49!!   772.00      759992     2095469     -1335477 DOWN              0      197207107     -197207107
 11:50     772.23      802030     2119758     -1317728 DOWN              0      198524835     -198524835
 11:51     771.93      773372     2160523     -1387151 DOWN              0      199911986     -199911986
 11:52!!   771.84      790664     2601643     -1810979 DOWN              0      201722965     -201722965
 11:53     771.79      786045     2679620     -1893575 DOWN              0      203616540     -203616540
 11:54     771.84      868087     2729527     -1861440 DOWN              0      205477980     -205477980
 11:55     771.79      898662     2777913     -1879251 DOWN              0      207357231     -207357231
 11:56     771.91      899911     2808269     -1908358 DOWN              0      209265589     -209265589
 11:57     771.86      879139     2815865     -1936726 DOWN              0      211202315     -211202315
 11:58     772.00      875290     2861917     -1986627 DOWN              0      213188942     -213188942
 11:59!!   772.00     1910017     2236904      -326887 DOWN              0      213515829     -213515829
 12:00     772.29     1952852     2260806      -307954 DOWN              0      213823783     -213823783
 12:01     772.10     2031152     2242999      -211847 DOWN              0      214035630     -214035630
 12:02     772.16     2080789     2205768      -124979 DOWN              0      214160609     -214160609
 12:03     772.03     2133644     2196877       -63233 DOWN              0      214223842     -214223842
 12:04     772.04     2066859     2206788      -139929 DOWN              0      214363771     -214363771
 12:05     772.35     2093126     2207582      -114456 DOWN              0      214478227     -214478227
 12:06     772.32     2015121     2177594      -162473 DOWN              0      214640700     -214640700
 12:07     772.26     1970702     2179422      -208720 DOWN              0      214849420     -214849420
 12:08     772.27     1946263     2174402      -228139 DOWN              0      215077559     -215077559
 12:09     772.31     1946351     2162045      -215694 DOWN              0      215293253     -215293253
 12:10     772.27     1920190     2158845      -238655 DOWN              0      215531908     -215531908
 12:11     772.11     1911813     2171484      -259671 DOWN              0      215791579     -215791579
 12:12     772.10     1906533     2189388      -282855 DOWN              0      216074434     -216074434
 12:13     772.10     1865222     2200837      -335615 DOWN              0      216410049     -216410049
 12:14     771.96     1858257     2216457      -358200 DOWN              0      216768249     -216768249
 12:15     772.14     1929402     2207422      -278020 DOWN              0      217046269     -217046269
 12:16     772.34     1282439     2216814      -934375 DOWN              0      217980644     -217980644
 12:17     772.35     1360603     2162482      -801879 DOWN              0      218782523     -218782523
 12:18     772.23     1352207     2118511      -766304 DOWN              0      219548827     -219548827
 12:19     772.08     1343119     2062484      -719365 DOWN              0      220268192     -220268192
 12:20     772.05     1340730     2100018      -759288 DOWN              0      221027480     -221027480
 12:21     772.13     1277679     2081722      -804043 DOWN              0      221831523     -221831523
 12:22     772.16     1276220     2077113      -800893 DOWN              0      222632416     -222632416
 12:23     772.02     1257061     2047229      -790168 DOWN              0      223422584     -223422584
 12:24!!   771.71      652900     5742986     -5090086 DOWN              0      228512670     -228512670
 12:25     771.63      652169     5664687     -5012518 DOWN              0      233525188     -233525188
 12:26     771.66      693730     5650823     -4957093 DOWN              0      238482281     -238482281
 12:27     771.88      767455     5605372     -4837917 DOWN              0      243320198     -243320198
 12:28     771.67      765372     5704753     -4939381 DOWN              0      248259579     -248259579
 12:29     771.82      751546     5757991     -5006445 DOWN              0      253266024     -253266024
 12:30     771.83      754733     5810512     -5055779 DOWN              0      258321803     -258321803
 12:31     771.54      722853     5807240     -5084387 DOWN              0      263406190     -263406190
 12:32     771.50      729139     5762996     -5033857 DOWN              0      268440047     -268440047
 12:33     771.56      729462     5725323     -4995861 DOWN              0      273435908     -273435908
 12:34     771.56      711577     5691799     -4980222 DOWN              0      278416130     -278416130
 12:35     771.74      705490     5593019     -4887529 DOWN              0      283303659     -283303659
 12:36     771.81      709988     5574391     -4864403 DOWN              0      288168062     -288168062
 12:37     771.91      765997     5565799     -4799802 DOWN              0      292967864     -292967864
 12:38     771.87      743026     5565194     -4822168 DOWN              0      297790032     -297790032
 12:39     771.87      748574     5587346     -4838772 DOWN              0      302628804     -302628804
 12:40     771.74      685453     5559647     -4874194 DOWN              0      307502998     -307502998
 12:41     771.73      687785     5561917     -4874132 DOWN              0      312377130     -312377130
 12:42     771.71      706392     5533002     -4826610 DOWN              0      317203740     -317203740
 12:43     771.58      741276     5529445     -4788169 DOWN              0      321991909     -321991909
 12:44     771.58      785961     5478763     -4692802 DOWN              0      326684711     -326684711
 12:45     771.47      792962     5502797     -4709835 DOWN              0      331394546     -331394546
 12:46     771.36      772287     5548060     -4775773 DOWN              0      336170319     -336170319
 12:47     771.36      768411     5556575     -4788164 DOWN              0      340958483     -340958483
 12:48     771.37      825469     5587609     -4762140 DOWN              0      345720623     -345720623
 12:49     771.43      993570     5658566     -4664996 DOWN              0      350385619     -350385619
 12:50     771.38     1068623     5695286     -4626663 DOWN              0      355012282     -355012282
 12:51     771.45     1026710     5651531     -4624821 DOWN              0      359637103     -359637103
 12:52     771.39     1048259     5688957     -4640698 DOWN              0      364277801     -364277801
 12:53     771.33     1072625     5710659     -4638034 DOWN              0      368915835     -368915835
 12:54     771.38     1065059     5723099     -4658040 DOWN              0      373573875     -373573875
 12:55     771.29     1069854     5717301     -4647447 DOWN              0      378221322     -378221322
 12:56     771.20     1193595     5818994     -4625399 DOWN              0      382846721     -382846721
 12:57     771.14     1259948     5859567     -4599619 DOWN              0      387446340     -387446340
 12:58     771.08     1326004     5873678     -4547674 DOWN              0      391994014     -391994014
 12:59     771.14     1442810     5911301     -4468491 DOWN              0      396462505     -396462505
 13:00     771.02     1428393     5932431     -4504038 DOWN              0      400966543     -400966543
 13:01     771.07     1479123     5953103     -4473980 DOWN              0      405440523     -405440523
 13:02!!   770.86     1521660     6258785     -4737125 DOWN              0      410177648     -410177648
 13:03!!   770.98     1513188     6223097     -4709909 DOWN              0      414887557     -414887557
 13:04     770.79     1525638     6115687     -4590049 DOWN              0      419477606     -419477606
 13:05     770.84     1531160     6094976     -4563816 DOWN              0      424041422     -424041422
 13:06!!   771.03     2712060     6753639     -4041579 DOWN              0      428083001     -428083001
 13:07!!   770.98     2785050     6921041     -4135991 DOWN              0      432218992     -432218992
 13:08!!   770.91     2889216     6841211     -3951995 DOWN              0      436170987     -436170987
 13:09     770.88     2892255     6797192     -3904937 DOWN              0      440075924     -440075924
 13:10     770.78     2848831     6883661     -4034830 DOWN              0      444110754     -444110754
 13:11     770.55     2904722     6836004     -3931282 DOWN              0      448042036     -448042036
 13:12     770.47     2917908     6719385     -3801477 DOWN              0      451843513     -451843513
 13:13     770.47     2932920     6652578     -3719658 DOWN              0      455563171     -455563171
 13:14     770.33     2965618     6602127     -3636509 DOWN              0      459199680     -459199680
 13:15     770.45     2966649     6589357     -3622708 DOWN              0      462822388     -462822388
 13:16     770.37     2968247     6616681     -3648434 DOWN              0      466470822     -466470822
 13:17     770.64     2948528     6525665     -3577137 DOWN              0      470047959     -470047959
 13:18     770.68     3090894     6591831     -3500937 DOWN              0      473548896     -473548896
 13:19     770.75     3188623     6491221     -3302598 DOWN              0      476851494     -476851494
 13:20     770.74     3197222     6484207     -3286985 DOWN              0      480138479     -480138479
 13:21     770.94     3231713     6362662     -3130949 DOWN              0      483269428     -483269428
 13:22     770.73     3246167     6268630     -3022463 DOWN              0      486291891     -486291891
 13:23     770.75     3202910     6296137     -3093227 DOWN              0      489385118     -489385118
 13:24     770.90     3135825     6326565     -3190740 DOWN              0      492575858     -492575858
 13:25     770.75     3087093     6356771     -3269678 DOWN              0      495845536     -495845536
 13:26     770.80     3105568     6370683     -3265115 DOWN              0      499110651     -499110651
 13:27     770.73     3129200     6398678     -3269478 DOWN              0      502380129     -502380129
 13:28     770.88     3156912     6428611     -3271699 DOWN              0      505651828     -505651828
 13:29     770.85     3184360     6368731     -3184371 DOWN              0      508836199     -508836199
 13:30     770.81     3188833     6424044     -3235211 DOWN              0      512071410     -512071410
 13:31     770.77     3187451     6435919     -3248468 DOWN              0      515319878     -515319878
 13:32     770.73     3178649     6419017     -3240368 DOWN              0      518560246     -518560246
 13:33     770.80     3128809     6418415     -3289606 DOWN              0      521849852     -521849852
 13:34     770.94     3138981     6419604     -3280623 DOWN              0      525130475     -525130475
 13:35!!   771.04     2236743     8913751     -6677008 DOWN              0      531807483     -531807483
 13:36     771.01     2168351     8871467     -6703116 DOWN              0      538510599     -538510599
 13:37!!   770.94     2401019     8658920     -6257901 DOWN              0      544768500     -544768500
 13:38     770.78     2493782     8724224     -6230442 DOWN              0      550998942     -550998942
 13:39     770.88     2472968     8700582     -6227614 DOWN              0      557226556     -557226556
 13:40!!   771.00     2021631     8716157     -6694526 DOWN              0      563921082     -563921082
 13:41!!   771.14     2226134     8377385     -6151251 DOWN              0      570072333     -570072333
 13:42     771.26     2396571     8391609     -5995038 DOWN              0      576067371     -576067371
 13:43     771.21     2204712     8421213     -6216501 DOWN              0      582283872     -582283872
 13:44     771.27     2225159     8415046     -6189887 DOWN              0      588473759     -588473759
 13:45     771.21     2204504     8381864     -6177360 DOWN              0      594651119     -594651119
 13:46     771.23     2212866     8384146     -6171280 DOWN              0      600822399     -600822399
 13:47     771.25     2181278     8347654     -6166376 DOWN              0      606988775     -606988775
 13:48     771.31     2046816     8375941     -6329125 DOWN              0      613317900     -613317900
 13:49     771.17     1976673     8411464     -6434791 DOWN              0      619752691     -619752691
 13:50     771.25     1955062     8422643     -6467581 DOWN              0      626220272     -626220272
 13:51     771.22     1956481     8416380     -6459899 DOWN              0      632680171     -632680171
 13:52     771.26     1955073     8415780     -6460707 DOWN              0      639140878     -639140878
 13:53     771.25     1972520     8478911     -6506391 DOWN              0      645647269     -645647269
 13:54     771.30     1932923     8458053     -6525130 DOWN              0      652172399     -652172399
 13:55     771.24     1938430     8458382     -6519952 DOWN              0      658692351     -658692351
 13:56     771.15     1954505     8421751     -6467246 DOWN              0      665159597     -665159597
 13:57     771.14     1946048     8420486     -6474438 DOWN              0      671634035     -671634035
 13:58     771.26     1910297     8454492     -6544195 DOWN              0      678178230     -678178230
 13:59     771.23     1917442     8444309     -6526867 DOWN              0      684705097     -684705097
 14:00     771.16     1929560     8487864     -6558304 DOWN              0      691263401     -691263401
 14:01     771.05     1939930     8462856     -6522926 DOWN              0      697786327     -697786327
 14:02!!   770.98     3189880    10393497     -7203617 DOWN              0      704989944     -704989944
 14:03!!   771.11     3373061    10080933     -6707872 DOWN              0      711697816     -711697816
 14:04!!   771.07     3342166     9930439     -6588273 DOWN              0      718286089     -718286089
 14:05!!   771.00     3285075     9805981     -6520906 DOWN              0      724806995     -724806995
 14:06!!   770.76     3266193     9595792     -6329599 DOWN              0      731136594     -731136594
 14:07     770.83     3257536     9579139     -6321603 DOWN              0      737458197     -737458197
 14:08     770.73     3246005     9695640     -6449635 DOWN              0      743907832     -743907832
 14:09     770.69     3240063     9651032     -6410969 DOWN              0      750318801     -750318801
 14:10     770.75     3222328     9625517     -6403189 DOWN              0      756721990     -756721990
 14:11     770.85     3179870     9667229     -6487359 DOWN              0      763209349     -763209349
 14:12     770.78     3154839     9643143     -6488304 DOWN              0      769697653     -769697653
 14:13     770.78     3121742     9708901     -6587159 DOWN              0      776284812     -776284812
 14:14     770.84     3113195     9702088     -6588893 DOWN              0      782873705     -782873705
 14:15     770.79     3120463     9695207     -6574744 DOWN              0      789448449     -789448449
 14:16     770.73     3087117     9729823     -6642706 DOWN              0      796091155     -796091155
 14:17     770.66     3022084     9770422     -6748338 DOWN              0      802839493     -802839493
 14:18     770.73     3057887     9823264     -6765377 DOWN              0      809604870     -809604870
 14:19     770.75     3039946     9788272     -6748326 DOWN              0      816353196     -816353196
 14:20     770.52     2917949     9700522     -6782573 DOWN              0      823135769     -823135769
 14:21     770.42     2905438     9844927     -6939489 DOWN              0      830075258     -830075258
 14:22     770.41     2856375     9907991     -7051616 DOWN              0      837126874     -837126874
 14:23     770.31     2913344    10003646     -7090302 DOWN              0      844217176     -844217176
 14:24     770.49     2862813    10010473     -7147660 DOWN              0      851364836     -851364836
 14:25     770.55     2810683    10007613     -7196930 DOWN              0      858561766     -858561766
 14:26     770.38     2796514    10034353     -7237839 DOWN              0      865799605     -865799605
 14:27     770.11     3036110    10029411     -6993301 DOWN              0      872792906     -872792906
 14:28!!   769.89     3072203    10427916     -7355713 DOWN              0      880148619     -880148619
 14:29     769.50     3086946    10382685     -7295739 DOWN              0      887444358     -887444358
 14:30     769.81     3066723    10249189     -7182466 DOWN              0      894626824     -894626824
 14:31     769.97     2989318    10194453     -7205135 DOWN              0      901831959     -901831959
 14:36     770.11     3031317    10268455     -7237138 DOWN              0      909069097     -909069097
 14:37     770.01     3023156    10148971     -7125815 DOWN              0      916194912     -916194912
 14:38!!   770.00     2947161    10067126     -7119965 DOWN              0      923314877     -923314877
 14:39!!   770.01     2862768    10124999     -7262231 DOWN              0      930577108     -930577108
 14:40!!   769.84     2851209    10156797     -7305588 DOWN              0      937882696     -937882696
 14:41     769.68     2805143    10265627     -7460484 DOWN              0      945343180     -945343180
 14:42     769.84     2814331    10253974     -7439643 DOWN              0      952782823     -952782823
 14:43     769.82     2810483    10252475     -7441992 DOWN              0      960224815     -960224815
 14:44     769.79     2781404    10274341     -7492937 DOWN              0      967717752     -967717752
 14:45     769.92     2782824    10218639     -7435815 DOWN              0      975153567     -975153567
 14:46     769.96     2754711    10218350     -7463639 DOWN              0      982617206     -982617206
 14:47!!   769.99     3912277     9531195     -5618918 DOWN              0      988236124     -988236124
 14:49     770.34     2701658    10251455     -7549797 DOWN              0      995785921     -995785921
 14:50     770.24     2485339    10242612     -7757273 DOWN              0     1003543194    -1003543194
 14:51     770.27     2618194    10211811     -7593617 DOWN              0     1011136811    -1011136811
 14:52     770.36     2550655    10259565     -7708910 DOWN              0     1018845721    -1018845721
 14:53     770.30     2420848    10184143     -7763295 DOWN              0     1026609016    -1026609016
 14:54     770.37     2469506    10173485     -7703979 DOWN              0     1034312995    -1034312995
 14:55     770.28     2465875    10169942     -7704067 DOWN              0     1042017062    -1042017062
 14:56     770.19     2746965    10152831     -7405866 DOWN              0     1049422928    -1049422928
 14:57     770.33     2695041    10194400     -7499359 DOWN              0     1056922287    -1056922287
 14:58     770.13     2694463    10220611     -7526148 DOWN              0     1064448435    -1064448435
 14:59     770.08     2688195    10179996     -7491801 DOWN              0     1071940236    -1071940236
 15:00!!   769.98     2663541    10232571     -7569030 DOWN              0     1079509266    -1079509266
 15:01!!   769.99     2674100    10240808     -7566708 DOWN              0     1087075974    -1087075974
 15:02!!   770.09     2659567    10235132     -7575565 DOWN              0     1094651539    -1094651539
 15:03     770.10     2601408    10234649     -7633241 DOWN              0     1102284780    -1102284780
 15:04     770.10     2628059    10227187     -7599128 DOWN              0     1109883908    -1109883908
 15:05     770.08     2686189    10227754     -7541565 DOWN              0     1117425473    -1117425473
 15:06     770.03     2700511    10235963     -7535452 DOWN              0     1124960925    -1124960925
 15:07!!   769.89     2701688    10283791     -7582103 DOWN              0     1132543028    -1132543028
 15:08     769.97     2702580    10230704     -7528124 DOWN              0     1140071152    -1140071152
 15:09!!   770.08     2708767    10232768     -7524001 DOWN              0     1147595153    -1147595153
 15:10     770.18     2818866    10216825     -7397959 DOWN              0     1154993112    -1154993112
 15:11     770.25     2828813    10204084     -7375271 DOWN              0     1162368383    -1162368383
 15:12     770.20     2843373    10201908     -7358535 DOWN              0     1169726918    -1169726918
 15:13     770.35     2748004    10172494     -7424490 DOWN              0     1177151408    -1177151408
 15:14     770.24     2764308    10175296     -7410988 DOWN              0     1184562396    -1184562396
 15:15     770.21     2750547    10194959     -7444412 DOWN              0     1192006808    -1192006808
 15:16     770.33     2768905    10185858     -7416953 DOWN              0     1199423761    -1199423761
 15:17     770.26     2805761    10194511     -7388750 DOWN              0     1206812511    -1206812511
 15:18     770.38     2817195    10173754     -7356559 DOWN              0     1214169070    -1214169070
 15:19     770.44     3107400    10164466     -7057066 DOWN              0     1221226136    -1221226136
 15:20     770.44     3078748    10175854     -7097106 DOWN              0     1228323242    -1228323242
 15:21     770.52     3055128    10188119     -7132991 DOWN              0     1235456233    -1235456233
 15:22     770.50     3050311    10235851     -7185540 DOWN              0     1242641773    -1242641773
 15:23     770.54     2956222    10245245     -7289023 DOWN              0     1249930796    -1249930796
 15:24     770.64     2895835    10221089     -7325254 DOWN              0     1257256050    -1257256050
 15:25     770.62     2930995    10189937     -7258942 DOWN              0     1264514992    -1264514992
 15:26     770.57     2931587    10175317     -7243730 DOWN              0     1271758722    -1271758722
 15:27     770.52     2967298    10166173     -7198875 DOWN              0     1278957597    -1278957597
 15:28     770.66     2987406    10172167     -7184761 DOWN              0     1286142358    -1286142358
 15:29     770.63     3047724    10208557     -7160833 DOWN              0     1293303191    -1293303191
 15:30     770.69     3071753    10225822     -7154069 DOWN              0     1300457260    -1300457260
 15:31     770.76     3131995    10245555     -7113560 DOWN              0     1307570820    -1307570820
 15:32     770.61     3104537    10266775     -7162238 DOWN              0     1314733058    -1314733058
 15:33     770.69     3101551    10286977     -7185426 DOWN              0     1321918484    -1321918484
 15:34     770.80     3078692    10299168     -7220476 DOWN              0     1329138960    -1329138960
 15:35     770.80     3087274    10276978     -7189704 DOWN              0     1336328664    -1336328664
 15:36     770.96     3098959    10255055     -7156096 DOWN              0     1343484760    -1343484760
 15:37!!   770.93     3112524    10208013     -7095489 DOWN              0     1350580249    -1350580249
 15:38!!   771.08     3157564    10060475     -6902911 DOWN              0     1357483160    -1357483160
 15:39!!   771.05     3183312    10055541     -6872229 DOWN              0     1364355389    -1364355389
 15:40!!   770.96     3211850    10054068     -6842218 DOWN              0     1371197607    -1371197607
 15:41     770.90     3217791    10077104     -6859313 DOWN              0     1378056920    -1378056920
 15:42     770.77     3246386    10057305     -6810919 DOWN              0     1384867839    -1384867839
 15:43     770.81     3253226    10056462     -6803236 DOWN              0     1391671075    -1391671075
 15:44     770.72     3263161     9978805     -6715644 DOWN              0     1398386719    -1398386719
 15:45     770.47     3257699    10063793     -6806094 DOWN              0     1405192813    -1405192813
 15:46     770.52     3258901    10039764     -6780863 DOWN              0     1411973676    -1411973676
 15:47     770.48     3253558    10062851     -6809293 DOWN              0     1418782969    -1418782969
 15:48     770.34     3248796    10118651     -6869855 DOWN              0     1425652824    -1425652824
 15:49     770.38     3244796    10085395     -6840599 DOWN              0     1432493423    -1432493423
 15:50     770.07     3259947    10136486     -6876539 DOWN              0     1439369962    -1439369962
 15:51     770.13     3261098    10136390     -6875292 DOWN              0     1446245254    -1446245254
 15:52!!   769.91     3239852    10142469     -6902617 DOWN              0     1453147871    -1453147871
 15:53!!   769.96     3230361    10157928     -6927567 DOWN              0     1460075438    -1460075438
 15:54!!   770.40     3241515    10148898     -6907383 DOWN              0     1466982821    -1466982821
 15:55     770.24     3184543    10145537     -6960994 DOWN              0     1473943815    -1473943815
 15:56     770.15     3194765    10165737     -6970972 DOWN              0     1480914787    -1480914787
 15:57     770.08     3186388    10175591     -6989203 DOWN              0     1487903990    -1487903990
 15:58     770.33     3184152    10199297     -7015145 DOWN              0     1494919135    -1494919135

FINAL 2026-08-11:  ACUM UP 0   ACUM DOWN 1,494,919,135   diferencia -1,494,919,135
