================================================================================================
PATRON DE FIGURA k-NN — expl=170 dias, reserva=83 dias
  features de forma: ret_total, max_up, max_dn, pos_max, pos_min, slope, curv, amplitud
  metrica EV fiel a H=8; baseline = siempre CALL (deriva)
================================================================================================
   M   H    k | EXPL acc% EXPL EV$ EXPL mfav |  RES acc%  RES EV$  RES mfav   n_ref
  10   8   25 |      50.6    -1.39   +0.0097 |      49.6    -2.72   -0.0059   61370
  10   8   50 |      50.2    -0.88   +0.0157 |      48.6    -2.20   +0.0003   61370
  10   8  100 |      48.5    -1.67   +0.0065 |      49.8    -2.05   +0.0020   61370
  10  15   25 |      49.4    -2.51   -0.0035 |      51.7    -2.21   +0.0002   61370
  10  15   50 |      48.8    -4.25   -0.0239 |      51.8    -0.87   +0.0159   61370
  10  15  100 |      50.0    -2.16   +0.0007 |      50.5    -2.32   -0.0012   61370
  10  30   25 |      49.5    -5.07   -0.0335 |      50.0    -4.35   -0.0251   59670
  10  30   50 |      50.2    -4.34   -0.0249 |      50.6    -4.15   -0.0227   59670
  10  30  100 |      48.5    -6.87   -0.0547 |      50.2    -3.30   -0.0128   59670
  20   8   25 |      50.3    -1.90   +0.0038 |      50.3    -1.29   +0.0110   59670
  20   8   50 |      50.6    -2.53   -0.0036 |      50.9    -0.67   +0.0183   59670
  20   8  100 |      50.3    -2.59   -0.0043 |      49.5    -2.84   -0.0072   59670
  20  15   25 |      49.6    -3.97   -0.0205 |      51.4    -0.09   +0.0250   59670
  20  15   50 |      48.2    -3.89   -0.0196 |      50.5    -1.76   +0.0054   59670
  20  15  100 |      49.8    -2.01   +0.0025 |      50.5    -2.13   +0.0011   59670
  20  30   25 |      48.6    -3.77   -0.0182 |      51.3    -2.16   +0.0006   57970
  20  30   50 |      49.5    -3.52   -0.0153 |      51.8    -1.85   +0.0044   57970
  20  30  100 |      50.3    -2.47   -0.0030 |      51.0    -0.48   +0.0205   57970
  30   8   25 |      49.7    -1.70   +0.0062 |      50.7    -3.00   -0.0091   57970
  30   8   50 |      49.3    -1.34   +0.0104 |      49.4    -2.85   -0.0074   57970
  30   8  100 |      49.9    -0.74   +0.0174 |      50.1    -2.73   -0.0060   57970
  30  15   25 |      50.4    -1.48   +0.0087 |      50.5    -2.44   -0.0026   57970
  30  15   50 |      49.2    -3.44   -0.0144 |      50.2    -3.26   -0.0122   57970
  30  15  100 |      49.9    -2.50   -0.0033 |      49.8    -3.19   -0.0114   57970
  30  30   25 |      48.5    -5.90   -0.0432 |      50.5    -3.24   -0.0120   56270
  30  30   50 |      47.8    -6.13   -0.0460 |      52.0    -2.33   -0.0013   56270
  30  30  100 |      48.3    -4.43   -0.0260 |      51.8    -0.85   +0.0162   56270

================================================================================================
COMO LEERLO: la RESERVA (out-of-sample) manda. acc alta en EXPL y ~50% en RESERVA = sobreajuste.
  Para 0DTE 8min el liston es ~56.7% (o 54.4% con capital 800). EV>0 y estable en reserva = candidata.
================================================================================================